0 0.243723 0.663004
1 0.822486 0.985888
2 0.428865 0.755889
3 0.504407 0.638572
4 0.012312 0.863305
5 0.735881 0.838135
6 0.149421 0.811718
7 0.791668 0.603465
8 0.460676 0.705937
9 0.597717 0.905241
10 0.105500 0.618682
11 0.283885 0.937375
12 0.641701 0.682062
13 0.209693 0.957461
14 0.398450 0.627643
15 0.542633 0.739048
16 0.034852 0.717258
17 0.356486 0.827228
18 0.717414 0.579447
19 0.177897 0.593699
20 0.755378 0.792350
21 0.492739 0.881192
22 0.573468 0.692604
23 0.065565 0.769142
24 0.263281 0.673513
25 0.685741 0.923753
26 0.230738 0.734308
27 0.409166 0.645454
28 0.516934 0.971330
29 0.024717 0.584258
30 0.335898 0.858433
31 0.723018 0.713150
32 0.137534 0.685516
33 0.812008 0.892006
34 0.439878 0.787064
35 0.611099 0.596795
36 0.119004 0.930643
37 0.304102 0.617096
38 0.629692 0.760830
39 0.190848 0.644420
40 0.388517 0.994904
41 0.561020 0.659496
42 0.053117 0.832046
43 0.368037 0.719773
44 0.698692 0.874571
45 0.160151 0.911859
46 0.765952 0.701394
47 0.481707 0.608780
48 0.003293 0.560100
49 0.592709 0.802472
50 0.084928 0.675188
51 0.273733 0.773480
52 0.667873 0.622049
53 0.237615 0.848499
54 0.813454 0.714243
55 0.513920 0.824665
56 0.006198 0.654236
57 0.321176 0.740954
58 0.745396 0.630723
59 0.144296 0.609277
60 0.781651 0.766254
61 0.466280 0.920181
62 0.608230 0.669676
63 0.100386 0.795605
64 0.289495 0.696141
65 0.652199 0.883552
66 0.215311 0.731478
67 0.393313 0.841604
68 0.532638 0.587952
69 0.040480 0.982968
70 0.351354 0.635884
71 0.707406 0.752940
72 0.184484 0.780852
73 0.764901 0.621774
74 0.486647 0.684820
75 0.564426 0.941322
76 0.072146 0.600651
77 0.257181 0.900649
78 0.676701 0.702434
79 0.225118 0.590985
80 0.833183 0.835652
81 0.414306 0.876878
82 0.526935 0.723582
83 0.019091 0.744967
84 0.341027 0.655827
85 0.733021 0.990785
86 0.130945 0.954734
87 0.802480 0.678426
88 0.445971 0.625065
89 0.620147 0.775555
90 0.112425 0.698499
91 0.310201 0.800075
92 0.638726 0.605818
93 0.196955 0.815115
94 0.381914 0.709587
95 0.551513 0.854319
96 0.059233 0.634218
97 0.361440 0.975547
98 0.689172 0.647914
99 0.165273 0.666103
100 0.775963 0.928021
101 0.476104 0.757856
102 0.582203 0.614594
103 0.090045 0.895365
104 0.268121 0.599060
105 0.657368 0.790109
106 0.249734 0.788742
107 0.422855 0.689856
108 0.502608 0.894753
109 0.010451 0.613766
110 0.316441 0.928602
111 0.741831 0.665764
112 0.155430 0.648838
113 0.793466 0.973546
114 0.454666 0.735974
115 0.595919 0.634524
116 0.103641 0.855925
117 0.647649 0.815622
118 0.203679 0.605538
119 0.404465 0.909895
120 0.544436 0.697430
121 0.036716 0.775097
122 0.354622 0.679396
123 0.711461 0.952737
124 0.171883 0.991531
125 0.753576 0.655538
126 0.498752 0.640926
127 0.575270 0.746188
128 0.067428 0.723980
129 0.261418 0.834182
130 0.679788 0.591754
131 0.228936 0.704228
132 0.837667 0.897787
133 0.410968 0.806200
134 0.522948 0.602484
135 0.030669 0.944548
136 0.329945 0.619856
137 0.721155 0.783952
138 0.135731 0.750887
139 0.805994 0.637319
140 0.441681 0.661978
141 0.617114 0.978102
142 0.124958 0.586700
143 0.298149 0.870183
144 0.627828 0.728779
145 0.192646 0.887524
146 0.386719 0.594778
147 0.555010 0.797907
148 0.047168 0.671955
149 0.373985 0.764183
150 0.700551 0.610627
151 0.161950 0.628716
152 0.771963 0.743695
153 0.479907 0.965922
154 0.586699 0.652685
155 0.078979 0.821237
156 0.279683 0.716054
157 0.669733 0.845893
158 0.239723 0.624013
159 0.819163 0.770516
160 0.433361 0.946446
161 0.508211 0.676848
162 0.000428 0.805746
163 0.326946 0.699655
164 0.747443 0.914887
165 0.146404 0.870713
166 0.787359 0.722359
167 0.464173 0.589913
168 0.052045 0.573169
169 0.602522 0.829542
170 0.094617 0.657301
171 0.295264 0.749692
172 0.654246 0.642917
173 0.213206 0.762939
174 0.395417 0.667152
175 0.538343 0.935047
176 0.046246 0.598091
177 0.345588 0.888068
178 0.705362 0.687903
179 0.182381 0.711310
180 0.759196 0.861049
181 0.488751 0.820772
182 0.570131 0.582533
183 0.077911 0.967918
184 0.251415 0.632980
185 0.674659 0.731587
186 0.219413 0.923105
187 0.420010 0.612425
188 0.529039 0.767845
189 0.021134 0.692239
190 0.756527 0.548809
191 0.338985 0.793675
192 0.727255 0.592926
193 0.800375 0.826768
194 0.451676 0.850190
195 0.622251 0.718388
196 0.114468 0.739464
197 0.308158 0.650343
198 0.632960 0.959477
199 0.202663 0.681041
200 0.376206 0.778990
201 0.549406 0.618391
202 0.057187 0.903445
203 0.363487 0.603709
204 0.694941 0.811217
205 0.736961 0.570427
206 0.170982 0.839678
207 0.778071 0.585042
208 0.470395 0.726612
209 0.580095 0.863875
210 0.087998 0.639468
211 0.270168 0.985233
212 0.663138 0.663339
213 0.245611 0.988336
214 0.820473 0.662215
215 0.426986 0.638135
216 0.506412 0.756092
217 0.014193 0.728298
218 0.778817 0.569366
219 0.312692 0.837383
220 0.737889 0.585885
221 0.151437 0.602810
222 0.789769 0.813380
223 0.458651 0.905530
224 0.599624 0.705405
225 0.107527 0.777493
226 0.281866 0.682225
227 0.643593 0.936436
228 0.207682 0.651694
229 0.850590 0.957126
230 0.400454 0.737683
231 0.540755 0.628346
232 0.032850 0.852500
233 0.715523 0.828452
234 0.176000 0.792122
235 0.757393 0.594080
236 0.494643 0.693463
237 0.571445 0.879251
238 0.063662 0.611500
239 0.265176 0.925281
240 0.683720 0.672378
241 0.232747 0.631996
242 0.407165 0.970321
243 0.518818 0.645600
244 0.026721 0.819119
245 0.333886 0.712607
246 0.724904 0.858693
247 0.139429 0.890580
248 0.809987 0.686700
249 0.437975 0.596922
250 0.613128 0.786401
251 0.120909 0.668568
252 0.302206 0.761036
253 0.631707 0.616688
254 0.188959 0.748312
255 0.390398 0.658408
256 0.559020 0.996678
257 0.051237 0.589058
258 0.369924 0.872659
259 0.696679 0.720700
260 0.158132 0.701214
261 0.767845 0.912759
262 0.483733 0.803624
263 0.590809 0.607855
264 0.082904 0.949299
265 0.275751 0.622740
266 0.665974 0.771985
267 0.235605 0.714424
268 0.815345 0.847729
269 0.437471 0.823445
270 0.004194 0.962958
271 0.323187 0.630009
272 0.743510 0.742337
273 0.142402 0.765628
274 0.783672 0.609407
275 0.468183 0.670806
276 0.606201 0.918659
277 0.098481 0.595653
278 0.291392 0.885522
279 0.650184 0.695271
280 0.217200 0.867776
281 0.391431 0.587827
282 0.534638 0.842372
283 0.042360 0.660584
284 0.349467 0.752732
285 0.709419 0.636322
286 0.186503 0.620806
287 0.763007 0.781943
288 0.484621 0.942279
289 0.566327 0.684650
290 0.074171 0.807809
291 0.255163 0.702967
292 0.678600 0.900354
293 0.680811 0.576174
294 0.223230 0.835897
295 0.416185 0.722641
296 0.524930 0.878818
297 0.017210 0.641937
298 0.342917 0.989021
299 0.731014 0.656910
300 0.128928 0.677933
301 0.804378 0.955056
302 0.447996 0.777070
303 0.618240 0.624364
304 0.110398 0.907274
305 0.312220 0.606742
306 0.636833 0.798926
307 0.379910 0.854054
308 0.553391 0.710130
309 0.061235 0.737308
310 0.359431 0.647762
311 0.691063 0.976576
312 0.167170 0.925872
313 0.773948 0.666896
314 0.474199 0.615003
315 0.011288 0.537947
316 0.584225 0.757645
317 0.091947 0.688348
318 0.266226 0.790786
319 0.659389 0.598929
320 0.247718 0.600202
321 0.826182 0.788521
322 0.424877 0.892746
323 0.500703 0.690713
324 0.008423 0.759684
325 0.318462 0.664652
326 0.739936 0.930153
327 0.153545 0.973212
328 0.795477 0.649287
329 0.456544 0.635249
330 0.593915 0.734614
331 0.101758 0.708351
332 0.287635 0.816820
333 0.645640 0.580536
334 0.205577 0.802113
335 0.402558 0.696904
336 0.546461 0.910198
337 0.038617 0.626308
338 0.352729 0.951756
339 0.713480 0.679564
340 0.173897 0.654771
341 0.751689 0.994000
342 0.496747 0.746390
343 0.577150 0.640482
344 0.069428 0.874992
345 0.259411 0.591881
346 0.681678 0.833432
347 0.227043 0.898649
348 0.412869 0.601572
349 0.520921 0.807371
350 0.028763 0.683663
351 0.764156 0.543445
352 0.331844 0.782409
353 0.719138 0.620548
354 0.133724 0.637176
355 0.807883 0.751491
356 0.443681 0.979823
357 0.615232 0.660877
358 0.122952 0.843868
359 0.300162 0.729735
360 0.625941 0.868285
361 0.194667 0.694946
362 0.384690 0.797221
363 0.556913 0.594906
364 0.049191 0.918094
365 0.371970 0.610224
366 0.702448 0.764394
367 0.163841 0.742708
368 0.769953 0.629706
369 0.478024 0.652841
370 0.588700 0.964914
371 0.080856 0.577817
372 0.277797 0.846155
373 0.671744 0.715499
374 0.241616 0.771585
375 0.431461 0.676685
376 0.510237 0.947406
377 0.002334 0.607606
378 0.325047 0.914592
379 0.749460 0.700181
380 0.148411 0.721049
381 0.785470 0.872081
382 0.462173 0.830278
383 0.604403 0.589790
384 0.096622 0.997344
385 0.293251 0.643359
386 0.656133 0.749494
387 0.211186 0.615889
388 0.397446 0.933489
389 0.536440 0.668267
390 0.044223 0.785102
391 0.347603 0.687059
392 0.703466 0.890045
393 0.180489 0.860249
394 0.761205 0.711493
395 0.490634 0.583385
396 0.023878 0.568369
397 0.568129 0.819570
398 0.076034 0.646480
399 0.253301 0.732930
400 0.672647 0.632264
401 0.221429 0.674635
402 0.829183 0.920965
403 0.417987 0.767638
404 0.530943 0.612826
405 0.023162 0.883115
406 0.336964 0.592802
407 0.729151 0.794349
408 0.718373 0.563617
409 0.127125 0.825053
410 0.449798 0.718942
411 0.624255 0.849935
412 0.116352 0.626390
413 0.306267 0.960463
414 0.634969 0.650193
415 0.200764 0.939550
416 0.378113 0.617708
417 0.547381 0.780512
418 0.055286 0.707170
419 0.365379 0.810043
420 0.692922 0.604624
421 0.168969 0.584672
422 0.779959 0.839937
423 0.472400 0.865746
424 0.578215 0.725670
425 0.085998 0.754072
426 0.272176 0.664442
427 0.661249 0.983503
428 0.242424 0.756641
429 0.428241 0.662646
430 0.505065 0.987886
431 0.012909 0.586177
432 0.315968 0.862583
433 0.734521 0.727970
434 0.149098 0.704897
435 0.792017 0.905876
436 0.459075 0.812719
437 0.599352 0.602972
438 0.107074 0.935757
439 0.284295 0.619340
440 0.641317 0.777884
441 0.210042 0.628184
442 0.400085 0.956728
443 0.541033 0.652114
444 0.033313 0.828000
445 0.356103 0.716743
446 0.717825 0.853073
447 0.179222 0.879618
448 0.754079 0.693007
449 0.493396 0.594239
450 0.022612 0.547821
451 0.572844 0.791513
452 0.065002 0.672643
453 0.261921 0.770142
454 0.687127 0.611196
455 0.232338 0.645870
456 0.842046 0.969571
457 0.409488 0.733699
458 0.516585 0.631686
459 0.024307 0.859021
460 0.724557 0.818434
461 0.138157 0.786019
462 0.441177 0.686418
463 0.609774 0.891253
464 0.117618 0.616512
465 0.303506 0.932403
466 0.630254 0.668998
467 0.190190 0.995868
468 0.387191 0.643922
469 0.562319 0.748640
470 0.054477 0.720196
471 0.785897 0.573968
472 0.368600 0.831139
473 0.698095 0.589222
474 0.158516 0.608145
475 0.767553 0.803213
476 0.481357 0.913397
477 0.593032 0.700891
478 0.085312 0.772575
479 0.275273 0.676144
480 0.666299 0.948928
481 0.813807 0.823778
482 0.433865 0.847027
483 0.515550 0.714662
484 0.007768 0.741872
485 0.321590 0.653427
486 0.745016 0.963538
487 0.143001 0.919528
488 0.782980 0.670619
489 0.465653 0.609780
490 0.608884 0.765370
491 0.100979 0.695648
492 0.290886 0.796337
493 0.650844 0.595426
494 0.216640 0.842660
495 0.393967 0.730370
496 0.532010 0.867029
497 0.039913 0.636586
498 0.349998 0.981162
499 0.708796 0.660238
500 0.184837 0.684425
501 0.764582 0.943118
502 0.488278 0.781664
503 0.562822 0.621179
504 0.070603 0.899876
505 0.256801 0.601076
506 0.677115 0.808337
507 0.225745 0.878322
508 0.415600 0.590381
509 0.069856 0.576515
510 0.525606 0.836444
511 0.017701 0.656721
512 0.340434 0.744143
513 0.733587 0.642361
514 0.132549 0.624608
515 0.800849 0.776575
516 0.446289 0.955606
517 0.619794 0.677546
518 0.112011 0.799225
519 0.308632 0.698911
520 0.640269 0.906488
521 0.195324 0.710539
522 0.381561 0.814005
523 0.551832 0.582018
524 0.059613 0.977497
525 0.362984 0.633590
526 0.687602 0.737048
527 0.164619 0.757191
528 0.776591 0.615242
529 0.474774 0.666553
530 0.583498 0.926431
531 0.091401 0.598572
532 0.268687 0.895982
533 0.656775 0.688541
534 0.248133 0.690222
535 0.825920 0.893078
536 0.422532 0.787897
537 0.502957 0.600360
538 0.010862 0.929478
539 0.318015 0.613330
540 0.740291 0.760054
541 0.154806 0.735129
542 0.794124 0.635051
543 0.453367 0.649700
544 0.597245 0.972770
545 0.105028 0.580821
546 0.286341 0.857311
547 0.647087 0.708037
548 0.204336 0.910595
549 0.405790 0.605051
550 0.543137 0.801491
551 0.035356 0.679837
552 0.354060 0.774393
553 0.712058 0.625992
554 0.173518 0.640316
555 0.751976 0.746957
556 0.499101 0.993577
557 0.574947 0.655197
558 0.067044 0.832979
559 0.259879 0.724965
560 0.681362 0.875599
561 0.230235 0.806965
562 0.411592 0.703756
563 0.522290 0.899330
564 0.030073 0.620368
565 0.328559 0.943797
566 0.722515 0.684110
567 0.136053 0.661158
568 0.805644 0.979053
569 0.443281 0.751866
570 0.615479 0.636858
571 0.123384 0.868616
572 0.297739 0.587213
573 0.628211 0.843137
574 0.192297 0.595187
575 0.385084 0.886724
576 0.556611 0.694632
577 0.048708 0.764976
578 0.374369 0.671607
579 0.700141 0.917752
580 0.160624 0.964160
581 0.773262 0.653103
582 0.479249 0.629377
583 0.587322 0.743034
584 0.079541 0.715005
585 0.281043 0.822289
586 0.668346 0.577977
587 0.239096 0.948324
588 0.819817 0.676492
589 0.432066 0.623424
590 0.509540 0.771319
591 0.001818 0.700561
592 0.768396 0.561215
593 0.327539 0.804634
594 0.746877 0.607367
595 0.144799 0.589456
596 0.788990 0.830612
597 0.463854 0.871333
598 0.602875 0.721289
599 0.095031 0.749018
600 0.296834 0.657721
601 0.652703 0.997961
602 0.214837 0.668056
603 0.851887 0.934316
604 0.395770 0.762047
605 0.538025 0.616258
606 0.045867 0.889582
607 0.344045 0.597487
608 0.706933 0.785604
609 0.725454 0.568582
610 0.183035 0.819846
611 0.758569 0.583041
612 0.490080 0.711713
613 0.568836 0.859519
614 0.076556 0.632527
615 0.250849 0.968854
616 0.675252 0.646151
617 0.219732 0.613058
618 0.830727 0.767151
619 0.421614 0.921472
620 0.527408 0.674249
621 0.019564 0.794641
622 0.338571 0.691267
623 0.727635 0.882366
624 0.126535 0.849467
625 0.799046 0.719354
626 0.032425 0.563941
627 0.621597 0.825582
628 0.113875 0.650005
629 0.306768 0.740216
630 0.634316 0.626791
631 0.201333 0.780033
632 0.375552 0.680187
633 0.550033 0.940130
634 0.057753 0.604262
635 0.364843 0.901742
636 0.693551 0.707376
637 0.170629 0.726100
638 0.778390 0.865291
639 0.468763 0.840528
640 0.581699 0.584472
641 0.089541 0.984444
642 0.270548 0.640006
643 0.662724 0.753804
644 0.244315 0.638964
645 0.821803 0.755613
646 0.426358 0.986844
647 0.507067 0.662801
648 0.014787 0.838731
649 0.314082 0.727404
650 0.736532 0.862845
651 0.151119 0.904405
652 0.790122 0.706148
653 0.457047 0.603101
654 0.601255 0.812012
655 0.109097 0.681701
656 0.282280 0.778099
657 0.643214 0.618930
658 0.208034 0.738822
659 0.402085 0.651051
660 0.539152 0.958368
661 0.031308 0.579226
662 0.358116 0.851253
663 0.715937 0.717663
664 0.177329 0.692831
665 0.756098 0.880455
666 0.495297 0.792633
667 0.570818 0.593357
668 0.063096 0.924253
669 0.263820 0.611863
670 0.685110 0.768660
671 0.234351 0.971939
672 0.407483 0.631259
673 0.518465 0.733890
674 0.026307 0.713377
675 0.759746 0.567557
676 0.332317 0.817717
677 0.726446 0.583909
678 0.140056 0.596575
679 0.809332 0.787576
680 0.439270 0.891532
681 0.611798 0.685915
682 0.119518 0.760564
683 0.301613 0.669155
684 0.632274 0.931475
685 0.188305 0.659142
686 0.389069 0.747241
687 0.560316 0.644663
688 0.052594 0.873827
689 0.370491 0.588355
690 0.696086 0.832374
691 0.747993 0.560410
692 0.156501 0.802980
693 0.769449 0.608545
694 0.483380 0.701769
695 0.591127 0.911311
696 0.083283 0.622431
697 0.277293 0.950541
698 0.664404 0.675001
699 0.235283 0.824016
700 0.435871 0.713745
701 0.513670 0.848836
702 0.005767 0.630388
703 0.323597 0.961870
704 0.743127 0.654503
705 0.141102 0.670137
706 0.784998 0.919828
707 0.467559 0.766846
708 0.606860 0.609114
709 0.099079 0.884163
710 0.292779 0.596318
711 0.648824 0.795198
712 0.218526 0.588093
713 0.392089 0.866756
714 0.534014 0.730946
715 0.041797 0.753310
716 0.348107 0.660080
717 0.710806 0.982204
718 0.186852 0.940898
719 0.762685 0.685263
720 0.486255 0.621597
721 0.564727 0.781441
722 0.072632 0.702142
723 0.254780 0.809045
724 0.679010 0.600944
725 0.223854 0.723246
726 0.834539 0.877497
727 0.417484 0.835188
728 0.523604 0.591258
729 0.015823 0.990353
730 0.342320 0.641621
731 0.731576 0.745538
732 0.130528 0.775932
733 0.802744 0.624745
734 0.448318 0.678703
735 0.617892 0.953965
736 0.109989 0.605989
737 0.310647 0.908561
738 0.638372 0.698034
739 0.197331 0.854909
740 0.553713 0.814724
741 0.061618 0.648320
742 0.360970 0.736850
743 0.689489 0.634025
744 0.166512 0.614295
745 0.774572 0.758217
746 0.472873 0.927359
747 0.585524 0.666392
748 0.093307 0.789489
749 0.266789 0.689053
750 0.658792 0.895690
751 0.246115 0.893932
752 0.424559 0.599454
753 0.501056 0.789015
754 0.008837 0.665418
755 0.320032 0.758604
756 0.738393 0.614008
757 0.152917 0.634908
758 0.796131 0.735709
759 0.455249 0.974473
760 0.595245 0.648641
761 0.103148 0.816182
762 0.288228 0.708939
763 0.645073 0.855468
764 0.206231 0.697663
765 0.844257 0.909114
766 0.403888 0.800799
767 0.545166 0.605184
768 0.037261 0.953274
769 0.352163 0.625569
770 0.714074 0.774611
771 0.175527 0.745962
772 0.750085 0.641343
773 0.497099 0.655354
774 0.576831 0.992510
775 0.069048 0.591525
776 0.257868 0.875879
777 0.683247 0.724396
778 0.228338 0.602258
779 0.838357 0.806733
780 0.413496 0.897302
781 0.520267 0.704647
782 0.028170 0.783665
783 0.330453 0.682936
784 0.720494 0.945400
785 0.134042 0.978715
786 0.807530 0.661625
787 0.445285 0.637589
788 0.613602 0.750447
789 0.121383 0.729013
790 0.299749 0.844417
791 0.626320 0.586346
792 0.194314 0.798413
793 0.383059 0.694109
794 0.558517 0.887010
795 0.050734 0.610997
796 0.372350 0.916841
797 0.702034 0.671772
798 0.162512 0.652341
799 0.771249 0.966496
800 0.477369 0.743235
801 0.589328 0.628949
802 0.081423 0.845202
803 0.670354 0.821560
804 0.240992 0.677316
805 0.817802 0.946067
806 0.430162 0.771111
807 0.511563 0.623840
808 0.003721 0.915538
809 0.325644 0.607237
810 0.748897 0.805325
811 0.699118 0.572890
812 0.146811 0.828881
813 0.787105 0.590081
814 0.461851 0.721847
815 0.604752 0.871064
816 0.097032 0.642567
817 0.294825 0.999028
818 0.654594 0.657568
819 0.212820 0.934634
820 0.397794 0.615579
821 0.536118 0.763504
822 0.043840 0.687626
823 0.346064 0.784502
824 0.705039 0.598383
825 0.760582 0.820092
826 0.491960 0.861371
827 0.566830 0.710810
828 0.074674 0.731939
829 0.252738 0.647198
830 0.673244 0.967182
831 0.221751 0.768210
832 0.419587 0.674088
833 0.529309 0.922382
834 0.021589 0.593088
835 0.336554 0.882090
836 0.729534 0.691780
837 0.128424 0.718055
838 0.797038 0.850768
839 0.450422 0.826310
840 0.623597 0.579964
841 0.115755 0.959067
842 0.304880 0.627211
843 0.636329 0.740024
844 0.199438 0.618090
845 0.377454 0.938556
846 0.548005 0.681347
847 0.055849 0.810568
848 0.366740 0.706484
849 0.691535 0.903780
850 0.168620 0.864483
851 0.780281 0.726291
852 0.470765 0.585329
853 0.011761 0.570273
854 0.579815 0.839267
855 0.087537 0.663768
856 0.272559 0.755230
857 0.660839 0.639274
858 0.243600 0.861656
859 0.823094 0.728070
860 0.429476 0.585987
861 0.504287 0.837584
862 0.012190 0.662089
863 0.315191 0.756338
864 0.735757 0.638307
865 0.150274 0.619550
866 0.791298 0.777349
867 0.460311 0.936843
868 0.598575 0.682448
869 0.106356 0.813064
870 0.283517 0.705524
871 0.642552 0.905737
872 0.209325 0.716831
873 0.399306 0.828626
874 0.034488 0.956907
875 0.357339 0.628535
876 0.717045 0.737935
877 0.178507 0.769606
878 0.755253 0.611393
879 0.492617 0.672569
880 0.574081 0.925650
881 0.066176 0.593928
882 0.263159 0.879473
883 0.686349 0.693605
884 0.842824 0.818799
885 0.408312 0.858880
886 0.517303 0.712729
887 0.025084 0.733210
888 0.335043 0.645799
889 0.723382 0.970758
890 0.136922 0.932567
891 0.812126 0.668440
892 0.440001 0.616849
893 0.610492 0.761285
894 0.118395 0.686497
895 0.304223 0.786578
896 0.629078 0.597027
897 0.654531 0.574150
898 0.190969 0.831504
899 0.387908 0.720854
900 0.561146 0.872877
901 0.053241 0.644150
902 0.367425 0.997105
903 0.698811 0.658591
904 0.159296 0.675567
905 0.766316 0.949083
906 0.482073 0.772262
907 0.591857 0.622925
908 0.084074 0.912362
909 0.274099 0.607943
910 0.667016 0.803788
911 0.237983 0.653958
912 0.812603 0.963357
913 0.434614 0.742174
914 0.514282 0.629895
915 0.006562 0.847935
916 0.745766 0.823159
917 0.143687 0.795987
918 0.781776 0.595738
919 0.466402 0.695046
920 0.607617 0.885147
921 0.099775 0.609585
922 0.289618 0.918458
923 0.651591 0.670692
924 0.215434 0.981003
925 0.392702 0.636219
926 0.532757 0.752597
927 0.040601 0.730268
928 0.350744 0.842033
929 0.707530 0.587666
930 0.183631 0.601404
931 0.765270 0.807996
932 0.487012 0.900012
933 0.563569 0.702754
934 0.071290 0.782206
935 0.257548 0.684516
936 0.675850 0.942018
937 0.224997 0.744632
938 0.414915 0.656801
939 0.526810 0.988787
940 0.018968 0.590696
941 0.341639 0.878449
942 0.732902 0.722399
943 0.131800 0.698816
944 0.802116 0.907510
945 0.445604 0.798657
946 0.620999 0.606583
947 0.113279 0.955448
948 0.309836 0.624253
949 0.639583 0.776892
950 0.196589 0.633381
951 0.382768 0.976294
952 0.551144 0.647642
953 0.058866 0.813645
954 0.362295 0.709914
955 0.688808 0.853746
956 0.165885 0.897002
957 0.775844 0.688461
958 0.475980 0.598762
959 0.009262 0.554304
960 0.582810 0.790487
961 0.090654 0.667108
962 0.268001 0.757508
963 0.657982 0.614907
964 0.249370 0.613539
965 0.825140 0.759544
966 0.423707 0.930557
967 0.502241 0.664862
968 0.010083 0.788226
969 0.317298 0.690828
970 0.741465 0.892946
971 0.156044 0.856401
972 0.793345 0.708134
973 0.596528 0.817009
974 0.104248 0.649168
975 0.285625 0.734848
976 0.648261 0.635418
977 0.203560 0.773847
978 0.405072 0.679758
979 0.544312 0.952148
980 0.036591 0.604726
981 0.355236 0.910433
982 0.711341 0.697049
983 0.172740 0.725050
984 0.753210 0.874628
985 0.498383 0.833606
986 0.576124 0.591966
987 0.068280 0.993761
988 0.261054 0.640677
989 0.680643 0.746650
990 0.229060 0.943968
991 0.410356 0.620709
992 0.523069 0.782674
993 0.030789 0.703840
994 0.762260 0.555453
995 0.329337 0.807556
996 0.721278 0.601680
997 0.134880 0.586908
998 0.806361 0.843530
999 0.442043 0.868473
1000 0.616258 0.729864
1001 0.124100 0.751355
1002 0.298519 0.661085
1003 0.626975 0.980271
1004 0.193016 0.671036
1005 0.385861 0.764667
1006 0.555375 0.610401
1007 0.047531 0.885745
1008 0.373134 0.594992
1009 0.700919 0.797380
1010 0.742702 0.562556
1011 0.161342 0.822645
1012 0.772085 0.577673
1013 0.480027 0.715652
1014 0.586088 0.846358
1015 0.078366 0.629593
1016 0.279807 0.965317
1017 0.669123 0.653020
1018 0.239842 0.804279
1019 0.432754 0.699952
1020 0.508334 0.914194
1021 0.000553 0.623221
1022 0.326332 0.947188
1023 0.747564 0.676570
1024 0.145547 0.658260
1025 0.787725 0.997775
1026 0.464542 0.749327
1027 0.601667 0.643241
1028 0.093764 0.872296
1029 0.295628 0.589639
1030 0.653391 0.829989
1031 0.213570 0.597811
1032 0.394565 0.889713
1033 0.538710 0.686855
1034 0.046615 0.762560
1035 0.344731 0.668141
1036 0.705728 0.933229
1037 0.181767 0.968696
1038 0.759317 0.646679
1039 0.488876 0.632164
1040 0.569522 0.732800
1041 0.077304 0.711616
1042 0.251534 0.819251
1043 0.674047 0.583226
1044 0.219044 0.691178
1045 0.831933 0.883336
1046 0.420868 0.794084
1047 0.528674 0.592650
1048 0.020771 0.921332
1049 0.339837 0.612720
1050 0.726888 0.767462
1051 0.125848 0.740704
1052 0.800253 0.626576
1053 0.451557 0.650087
1054 0.622862 0.960240
1055 0.115081 0.580389
1056 0.308034 0.849591
1057 0.633570 0.718701
1058 0.202538 0.902768
1059 0.376819 0.604453
1060 0.549284 0.809731
1061 0.057067 0.680761
1062 0.364095 0.780365
1063 0.694818 0.617612
1064 0.171833 0.639789
1065 0.777703 0.754319
1066 0.470032 0.983215
1067 0.580950 0.664317
1068 0.088855 0.840137
1069 0.269798 0.725442
1070 0.663991 0.865432
1071 0.245490 0.727123
1072 0.821086 0.863520
1073 0.427595 0.837839
1074 0.506287 0.585616
1075 0.014070 0.986306
1076 0.313304 0.638455
1077 0.737770 0.755720
1078 0.152292 0.778863
1079 0.789405 0.618865
1080 0.458284 0.681944
1081 0.600476 0.937164
1082 0.108381 0.603552
1083 0.281500 0.904850
1084 0.644450 0.705706
1085 0.207316 0.851898
1086 0.540387 0.826901
1087 0.032484 0.651437
1088 0.359350 0.738917
1089 0.715160 0.627543
1090 0.176611 0.611794
1091 0.757274 0.769397
1092 0.494519 0.923500
1093 0.572052 0.673383
1094 0.064271 0.792530
1095 0.265056 0.692398
1096 0.684333 0.880866
1097 0.674826 0.567494
1098 0.233115 0.817604
1099 0.406309 0.712914
1100 0.519181 0.858081
1101 0.027085 0.631183
1102 0.333033 0.971103
1103 0.725273 0.645348
1104 0.138819 0.669561
1105 0.810111 0.931015
1106 0.438097 0.760659
1107 0.612515 0.616986
1108 0.120298 0.892235
1109 0.302328 0.596643
1110 0.631099 0.786803
1111 0.189082 0.588786
1112 0.389787 0.874249
1113 0.559140 0.719551
1114 0.051359 0.747949
1115 0.369314 0.659371
1116 0.696803 0.994612
1117 0.157279 0.950046
1118 0.768215 0.675406
1119 0.484098 0.621951
1120 0.001633 0.545742
1121 0.589951 0.773337
1122 0.082048 0.701512
1123 0.276118 0.802165
1124 0.665123 0.608609
1125 0.235971 0.962356
1126 0.814488 0.654113
1127 0.436617 0.630890
1128 0.512405 0.741190
1129 0.004561 0.714024
1130 0.773077 0.563591
1131 0.322332 0.824861
1132 0.743874 0.576853
1133 0.141790 0.595868
1134 0.783791 0.795303
1135 0.468306 0.883751
1136 0.605594 0.696257
1137 0.097872 0.766114
1138 0.291513 0.669890
1139 0.649571 0.920574
1140 0.217321 0.659695
1141 0.390822 0.753203
1142 0.534763 0.636077
1143 0.042483 0.866076
1144 0.348855 0.588035
1145 0.709538 0.841784
1146 0.722330 0.556216
1147 0.185648 0.809171
1148 0.763371 0.600496
1149 0.484988 0.702580
1150 0.565475 0.900882
1151 0.073317 0.621663
1152 0.255529 0.941702
1153 0.677743 0.685017
1154 0.223108 0.641688
1155 0.416796 0.991240
1156 0.524810 0.656032
1157 0.017088 0.835319
1158 0.343527 0.723707
1159 0.730889 0.877073
1160 0.129781 0.907808
1161 0.804009 0.698289
1162 0.447631 0.605926
1163 0.035419 0.559069
1164 0.619098 0.800259
1165 0.111254 0.678293
1166 0.311852 0.775814
1167 0.637684 0.625230
1168 0.198598 0.736178
1169 0.380766 0.648091
1170 0.553028 0.975956
1171 0.060870 0.581467
1172 0.360284 0.854528
1173 0.690693 0.709736
1174 0.167780 0.689316
1175 0.773823 0.894983
1176 0.474078 0.790267
1177 0.584838 0.599146
1178 0.092558 0.927815
1179 0.266103 0.614774
1180 0.659997 0.758122
1181 0.247349 0.759335
1182 0.425735 0.665653
1183 0.500338 0.928393
1184 0.008060 0.599903
1185 0.319313 0.894373
1186 0.739568 0.689634
1187 0.154153 0.708677
1188 0.795355 0.856133
1189 0.456424 0.815343
1190 0.594526 0.581239
1191 0.102370 0.973956
1192 0.287510 0.634409
1193 0.646250 0.735812
1194 0.205453 0.625493
1195 0.403171 0.952466
1196 0.546339 0.679264
1197 0.038497 0.800688
1198 0.353337 0.697220
1199 0.713357 0.909549
1200 0.174748 0.876556
1201 0.751321 0.724108
1202 0.496384 0.591591
1203 0.017886 0.575275
1204 0.578006 0.833852
1205 0.070285 0.655742
1206 0.259041 0.746053
1207 0.682531 0.640823
1208 0.227161 0.683360
1209 0.839074 0.944934
1210 0.412262 0.783768
1211 0.521045 0.619747
1212 0.028889 0.898016
1213 0.331231 0.602327
1214 0.719258 0.805929
1215 0.708733 0.572607
1216 0.132867 0.844299
1217 0.444049 0.728531
1218 0.614378 0.869824
1219 0.122100 0.637512
1220 0.300526 0.977870
1221 0.625086 0.661868
1222 0.195031 0.916378
1223 0.383838 0.610533
1224 0.557280 0.764041
1225 0.049560 0.693855
1226 0.371114 0.797605
1227 0.702814 0.594613
1228 0.770074 0.821429
1229 0.478149 0.845594
1230 0.588092 0.715832
1231 0.080249 0.743934
1232 0.277916 0.652564
1233 0.671133 0.965644
1234 0.241741 0.606772
1235 0.816534 0.805438
1236 0.430848 0.915098
1237 0.510359 0.699774
1238 0.002453 0.770372
1239 0.324439 0.677065
1240 0.749583 0.946863
1241 0.147560 0.999556
1242 0.785838 0.657178
1243 0.462536 0.643090
1244 0.603547 0.749935
1245 0.095765 0.722134
1246 0.293621 0.829738
1247 0.655280 0.590016
1248 0.211555 0.784618
1249 0.396588 0.688045
1250 0.536805 0.888292
1251 0.044586 0.615643
1252 0.346752 0.935425
1253 0.703833 0.667338
1254 0.179881 0.646826
1255 0.761328 0.967690
1256 0.490754 0.731837
1257 0.567518 0.633170
1258 0.075421 0.860698
1259 0.672037 0.820941
1260 0.221065 0.881388
1261 0.418839 0.593031
1262 0.530576 0.793854
1263 0.022793 0.673688
1264 0.337821 0.768100
1265 0.728785 0.612582
1266 0.127739 0.627278
1267 0.798243 0.739332
1268 0.449673 0.959906
1269 0.624864 0.650544
1270 0.116959 0.826443
1271 0.306148 0.718513
1272 0.635581 0.850371
1273 0.200645 0.706756
1274 0.378720 0.811383
1275 0.547258 0.603797
1276 0.055161 0.939015
1277 0.365993 0.618573
1278 0.692801 0.779273
1279 0.169826 0.754519
1280 0.779593 0.639352
1281 0.472031 0.663523
1282 0.579069 0.985653
1283 0.086850 0.584894
1284 0.271812 0.864087
1285 0.662104 0.726769
1286 0.823691 0.838521
1287 0.428116 0.863167
1288 0.505673 0.727626
1289 0.013516 0.755374
1290 0.315849 0.662931
1291 0.735133 0.987120
1292 0.148734 0.937545
1293 0.792872 0.681484
1294 0.459927 0.619023
1295 0.598986 0.778251
1296 0.106706 0.706023
1297 0.285152 0.812319
1298 0.640951 0.603274
1299 0.210899 0.827586
1300 0.399716 0.717907
1301 0.541887 0.851591
1302 0.034165 0.627857
1303 0.355739 0.958598
1304 0.718680 0.651153
1305 0.179104 0.672937
1306 0.754691 0.923895
1307 0.494003 0.768828
1308 0.572721 0.611975
1309 0.064877 0.880224
1310 0.262535 0.593504
1311 0.687007 0.792905
1312 0.231487 0.857520
1313 0.515729 0.818029
1314 0.023449 0.644927
1315 0.334693 0.734025
1316 0.723704 0.631356
1317 0.138282 0.617306
1318 0.810740 0.760321
1319 0.440564 0.931721
1320 0.609896 0.669289
1321 0.117738 0.787391
1322 0.302898 0.686112
1323 0.630377 0.891876
1324 0.189582 0.719859
1325 0.387311 0.832674
1326 0.561708 0.588500
1327 0.053864 0.995092
1328 0.368724 0.644787
1329 0.697485 0.747399
1330 0.749035 0.545616
1331 0.158886 0.772936
1332 0.766700 0.622251
1333 0.480499 0.675111
1334 0.593397 0.950768
1335 0.085675 0.608452
1336 0.274421 0.911699
1337 0.666667 0.702004
1338 0.236439 0.741441
1339 0.434234 0.654318
1340 0.514696 0.961482
1341 0.006916 0.577057
1342 0.321954 0.848622
1343 0.744161 0.713600
1344 0.143120 0.696050
1345 0.782369 0.884528
1346 0.465046 0.795045
1347 0.609008 0.596229
1348 0.101104 0.920039
1349 0.290272 0.608940
1350 0.650964 0.766566
1351 0.216026 0.635670
1352 0.394092 0.981746
1353 0.531402 0.659877
1354 0.039307 0.841215
1355 0.350117 0.730812
1356 0.708184 0.866574
1357 0.185201 0.901675
1358 0.763727 0.702349
1359 0.487426 0.600841
1360 0.028338 0.556030
1361 0.563189 0.808850
1362 0.070972 0.685403
1363 0.255944 0.781185
1364 0.677480 0.621430
1365 0.226353 0.656363
1366 0.832407 0.990598
1367 0.415481 0.745274
1368 0.526217 0.641429
1369 0.018314 0.877856
1370 0.340310 0.591171
1371 0.734197 0.835019
1372 0.713784 0.558775
1373 0.132180 0.799726
1374 0.801702 0.606143
1375 0.447147 0.697895
1376 0.619429 0.908315
1377 0.111648 0.624862
1378 0.309483 0.953584
1379 0.639902 0.678503
1380 0.196175 0.975383
1381 0.381199 0.633851
1382 0.552688 0.736622
1383 0.060470 0.709488
1384 0.362614 0.814526
1385 0.688455 0.581798
1386 0.164494 0.599384
1387 0.777200 0.789780
1388 0.475387 0.895496
1389 0.583376 0.688934
1390 0.091281 0.758361
1391 0.269295 0.666185
1392 0.656652 0.926951
1393 0.248986 0.928762
1394 0.422167 0.614098
1395 0.503815 0.758749
1396 0.011718 0.689934
1397 0.774373 0.553647
1398 0.317647 0.789304
1399 0.741142 0.599626
1400 0.794732 0.815986
1401 0.453978 0.855783
1402 0.597125 0.709151
1403 0.104906 0.735481
1404 0.286951 0.648765
1405 0.646962 0.974745
1406 0.204946 0.678814
1407 0.846154 0.952891
1408 0.405668 0.774783
1409 0.543750 0.625684
1410 0.035967 0.908870
1411 0.353937 0.605338
1412 0.712666 0.801075
1413 0.731439 0.575541
1414 0.173150 0.834552
1415 0.752827 0.591437
1416 0.499957 0.724646
1417 0.574585 0.876235
1418 0.066680 0.641153
1419 0.260732 0.992760
1420 0.680992 0.655457
1421 0.229623 0.620066
1422 0.836460 0.783406
1423 0.411715 0.945657
1424 0.521683 0.683073
1425 0.029464 0.806541
1426 0.328679 0.704857
1427 0.721901 0.897649
1428 0.136419 0.869242
1429 0.804787 0.728878
1430 0.442427 0.586511
1431 0.042056 0.572747
1432 0.615848 0.844748
1433 0.123751 0.661422
1434 0.296884 0.750589
1435 0.628575 0.637686
1436 0.191442 0.763653
1437 0.385451 0.671880
1438 0.555759 0.917054
1439 0.047854 0.594466
1440 0.374735 0.887375
1441 0.699284 0.694339
1442 0.160745 0.716141
1443 0.772648 0.844991
1444 0.478640 0.821850
1445 0.587448 0.578239
1446 0.079665 0.966102
1447 0.280431 0.629066
1448 0.668465 0.743393
1449 0.238486 0.699562
1450 0.819942 0.915927
1451 0.432188 0.805170
1452 0.508927 0.607144
1453 0.001207 0.946293
1454 0.327662 0.623660
1455 0.746269 0.770827
1456 0.145167 0.750189
1457 0.788139 0.642688
1458 0.462999 0.657382
1459 0.603238 0.998607
1460 0.095395 0.590228
1461 0.295981 0.870841
1462 0.653072 0.721698
1463 0.213984 0.889068
1464 0.396135 0.598281
1465 0.537167 0.784321
1466 0.045011 0.667706
1467 0.344413 0.763258
1468 0.706081 0.615416
1469 0.183157 0.632769
1470 0.757961 0.732075
1471 0.489469 0.966735
1472 0.568955 0.647004
1473 0.076677 0.820404
1474 0.250239 0.710682
1475 0.675376 0.861193
1476 0.220587 0.793327
1477 0.421247 0.691642
1478 0.528260 0.881861
1479 0.020418 0.612226
1480 0.338205 0.922023
1481 0.728492 0.673893
1482 0.126414 0.650867
1483 0.799659 0.959300
1484 0.452912 0.739763
1485 0.621472 0.627029
1486 0.113752 0.851103
1487 0.634197 0.826146
1488 0.201945 0.604042
1489 0.375429 0.903585
1490 0.550640 0.706357
1491 0.058362 0.779529
1492 0.364722 0.681132
1493 0.694164 0.938135
1494 0.170263 0.985074
1495 0.779247 0.663898
1496 0.469617 0.639099
1497 0.581330 0.754989
1498 0.089174 0.726513
1499 0.271403 0.839059
1500 0.662360 0.585231
1501 0.663563 0.569305
1502 0.244923 0.837268
1503 0.426238 0.727819
1504 0.507677 0.862361
1505 0.015399 0.638059
1506 0.313958 0.987478
1507 0.737142 0.662457
1508 0.150750 0.682650
1509 0.790975 0.935977
1510 0.457905 0.777597
1511 0.600890 0.619162
1512 0.108734 0.906259
1513 0.283131 0.602881
1514 0.642847 0.812559
1515 0.401722 0.852896
1516 0.540007 0.716615
1517 0.032165 0.738371
1518 0.357747 0.651916
1519 0.716790 0.956294
1520 0.177205 0.924808
1521 0.756708 0.672778
1522 0.495910 0.611034
1523 0.570696 0.769894
1524 0.062976 0.693208
1525 0.264428 0.791326
1526 0.684988 0.594138
1527 0.233494 0.712340
1528 0.840525 0.859365
1529 0.407851 0.818272
1530 0.517611 0.583703
1531 0.025455 0.969807
1532 0.332681 0.631500
1533 0.725591 0.733443
1534 0.140175 0.761770
1535 0.808721 0.616626
1536 0.438663 0.668805
1537 0.611922 0.932039
1538 0.119644 0.597366
1539 0.300999 0.891016
1540 0.632394 0.686284
1541 0.187691 0.873332
1542 0.389194 0.589123
1543 0.559707 0.830933
1544 0.051986 0.658801
1545 0.370610 0.748406
1546 0.695474 0.643743
1547 0.156865 0.622666
1548 0.768594 0.772725
1549 0.482528 0.948501
1550 0.591494 0.675931
1551 0.083652 0.803514
1552 0.276436 0.700767
1553 0.664770 0.913195
1554 0.234432 0.630076
1555 0.816062 0.741642
1556 0.436234 0.963802
1557 0.512815 0.653555
1558 0.004910 0.823575
1559 0.323967 0.714876
1560 0.742274 0.847337
1561 0.141227 0.884811
1562 0.784388 0.695527
1563 0.466946 0.595594
1564 0.606981 0.796632
1565 0.099198 0.670409
1566 0.292171 0.765517
1567 0.648947 0.609871
1568 0.217918 0.752028
1569 0.392209 0.660344
1570 0.533403 0.981404
1571 0.041184 0.587389
1572 0.348231 0.867380
1573 0.710196 0.730623
1574 0.187221 0.703238
1575 0.761832 0.899634
1576 0.485397 0.808620
1577 0.565091 0.601227
1578 0.072995 0.942746
1579 0.253929 0.621294
1580 0.679377 0.781838
1581 0.224468 0.989541
1582 0.417359 0.642461
1583 0.524213 0.744282
1584 0.016430 0.722930
1585 0.753761 0.576595
1586 0.342201 0.836770
1587 0.732188 0.590547
1588 0.130164 0.606278
1589 0.803599 0.799034
1590 0.449170 0.906843
1591 0.617525 0.699116
1592 0.109620 0.776323
1593 0.311504 0.677683
1594 0.638006 0.955866
1595 0.198188 0.647389
1596 0.379193 0.737203
1597 0.554567 0.633710
1598 0.062470 0.853390
1599 0.690344 0.814292
1600 0.742016 0.554433
1601 0.166393 0.790902
1602 0.775184 0.598482
1603 0.473480 0.688766
1604 0.585401 0.896356
1605 0.093182 0.615065
1606 0.267403 0.926646
1607 0.658671 0.666661
1608 0.246970 0.665051
1609 0.827449 0.929698
1610 0.424192 0.759778
1611 0.501908 0.613156
1612 0.009691 0.893448
1613 0.319666 0.600269
1614 0.739250 0.787748
1615 0.689234 0.567005
1616 0.152796 0.816705
1617 0.796745 0.580963
1618 0.455858 0.707893
1619 0.595120 0.857094
1620 0.103025 0.635170
1621 0.288840 0.972372
1622 0.644954 0.649519
1623 0.206843 0.951262
1624 0.403764 0.625823
1625 0.545773 0.774141
1626 0.037870 0.696651
1627 0.352042 0.801301
1628 0.714687 0.604946
1629 0.175162 0.592318
1630 0.750942 0.833300
1631 0.497953 0.875415
1632 0.576463 0.724831
1633 0.068682 0.747099
1634 0.258723 0.654998
1635 0.682883 0.993106
1636 0.227728 0.783183
1637 0.413618 0.683909
1638 0.519654 0.943423
1639 0.027559 0.602022
1640 0.330576 0.899091
1641 0.719886 0.703614
1642 0.134409 0.729453
1643 0.806679 0.868965
1644 0.444429 0.842967
1645 0.613964 0.587126
1646 0.121747 0.979296
1647 0.298896 0.636670
1648 0.626690 0.751596
1649 0.193461 0.610154
1650 0.383424 0.917350
1651 0.557659 0.671398
1652 0.049878 0.797115
1653 0.372718 0.694509
1654 0.701183 0.886535
1655 0.162634 0.846790
1656 0.770641 0.715221
1657 0.006013 0.562247
1658 0.589448 0.822089
1659 0.081545 0.653229
1660 0.278544 0.742802
1661 0.670478 0.629207
1662 0.240380 0.913831
1663 0.817921 0.700436
1664 0.430285 0.607543
1665 0.510956 0.804934
1666 0.003112 0.676280
1667 0.765767 0.544885
1668 0.325765 0.771470
1669 0.748283 0.623518
1670 0.147177 0.643428
1671 0.786248 0.748782
1672 0.460997 0.998247
1673 0.605121 0.657849
1674 0.097399 0.830408
1675 0.293970 0.721508
1676 0.654958 0.871659
1677 0.211965 0.687319
1678 0.398161 0.785869
1679 0.535266 0.597638
1680 0.042986 0.933949
1681 0.346430 0.616370
1682 0.704182 0.762214
1683 0.181268 0.732264
1684 0.759968 0.632342
1685 0.491351 0.646251
1686 0.566955 0.969092
1687 0.074797 0.582955
1688 0.252126 0.859861
1689 0.673363 0.711955
1690 0.222604 0.592356
1691 0.828465 0.794454
1692 0.419222 0.882700
1693 0.530166 0.691469
1694 0.022445 0.766903
1695 0.336187 0.674384
1696 0.730385 0.921716
1697 0.128301 0.960946
1698 0.797646 0.649810
1699 0.451033 0.626885
1700 0.623477 0.740355
1701 0.115633 0.719223
1702 0.305490 0.825897
1703 0.636205 0.580243
1704 0.200048 0.810170
1705 0.377333 0.707615
1706 0.548618 0.902119
1707 0.056460 0.617774
1708 0.366617 0.940355
1709 0.692143 0.680298
1710 0.168252 0.664054
1711 0.781132 0.984036
1712 0.471621 0.753967
1713 0.579452 0.640127
1714 0.087172 0.865070
1715 0.660469 0.840831
1716 0.243992 0.812613
1717 0.429092 0.705174
1718 0.504672 0.906334
1719 0.012515 0.619262
1720 0.314858 0.936205
1721 0.736089 0.682776
1722 0.149697 0.662419
1723 0.791875 0.987380
1724 0.460880 0.756755
1725 0.598006 0.638019
1726 0.105728 0.862165
1727 0.641916 0.837073
1728 0.209908 0.594169
1729 0.398716 0.880018
1730 0.542861 0.693256
1731 0.035141 0.770050
1732 0.356694 0.672898
1733 0.717691 0.925047
1734 0.178105 0.956219
1735 0.755655 0.651877
1736 0.493026 0.628247
1737 0.573671 0.738320
1738 0.065829 0.716480
1739 0.263497 0.828141
1740 0.686010 0.578933
1741 0.230519 0.686153
1742 0.843408 0.890806
1743 0.408904 0.786113
1744 0.516711 0.597271
1745 0.024432 0.931952
1746 0.335687 0.616588
1747 0.722738 0.761721
1748 0.137322 0.733589
1749 0.811727 0.631605
1750 0.439594 0.646084
1751 0.610900 0.970052
1752 0.118744 0.583734
1753 0.303883 0.859433
1754 0.629419 0.712383
1755 0.190575 0.912970
1756 0.388294 0.608221
1757 0.560759 0.803346
1758 0.052917 0.675889
1759 0.367756 0.772670
1760 0.698480 0.622634
1761 0.159871 0.643858
1762 0.765741 0.748554
1763 0.481506 0.996428
1764 0.592425 0.658916
1765 0.084704 0.831002
1766 0.273461 0.720465
1767 0.667654 0.873397
1768 0.237407 0.609838
1769 0.813178 0.765460
1770 0.435181 0.919052
1771 0.513715 0.670365
1772 0.005932 0.796462
1773 0.320961 0.695398
1774 0.745128 0.884596
1775 0.144080 0.847395
1776 0.781382 0.714924
1777 0.608003 0.823639
1778 0.100099 0.653665
1779 0.289287 0.741785
1780 0.651922 0.630185
1781 0.215034 0.781789
1782 0.393109 0.684186
1783 0.532350 0.942663
1784 0.040253 0.601133
1785 0.351085 0.899424
1786 0.707190 0.703102
1787 0.184215 0.730670
1788 0.764685 0.867452
1789 0.486420 0.842551
1790 0.564161 0.587422
1791 0.071942 0.981662
1792 0.256905 0.636506
1793 0.676493 0.752184
1794 0.225399 0.956114
1795 0.414505 0.624546
1796 0.527219 0.776479
1797 0.019314 0.699162
1798 0.750785 0.558522
1799 0.341301 0.799094
1800 0.733241 0.606307
1801 0.131217 0.590450
1802 0.802699 0.836582
1803 0.446194 0.877923
1804 0.620409 0.722791
1805 0.112626 0.744229
1806 0.310481 0.656478
1807 0.638937 0.989454
1808 0.197166 0.666784
1809 0.382199 0.757077
1810 0.551713 0.615166
1811 0.059495 0.896433
1812 0.361659 0.598517
1813 0.689444 0.790957
1814 0.739040 0.565810
1815 0.165493 0.814112
1816 0.776236 0.582072
1817 0.476364 0.710258
1818 0.582426 0.853201
1819 0.090329 0.633672
1820 0.268333 0.977009
1821 0.657649 0.647355
1822 0.249945 0.649483
1823 0.824565 0.972285
1824 0.423140 0.735240
1825 0.502808 0.635134
1826 0.010713 0.856902
1827 0.742103 0.816525
1828 0.155650 0.787801
1829 0.793739 0.600304
1830 0.454927 0.690491
1831 0.596142 0.893528
1832 0.103925 0.613256
1833 0.285956 0.929925
1834 0.647930 0.665174
1835 0.203959 0.993022
1836 0.404664 0.640379
1837 0.544720 0.747042
1838 0.036939 0.724692
1839 0.354895 0.833117
1840 0.711681 0.592221
1841 0.172155 0.604976
1842 0.753795 0.801360
1843 0.498975 0.911020
1844 0.575532 0.696695
1845 0.067629 0.774297
1846 0.261698 0.680095
1847 0.680000 0.951507
1848 0.228659 0.751754
1849 0.410765 0.661384
1850 0.522660 0.979549
1851 0.030443 0.587160
1852 0.329676 0.869041
1853 0.720939 0.729499
1854 0.135463 0.703480
1855 0.805778 0.898880
1856 0.441453 0.807068
1857 0.616848 0.601927
1858 0.124753 0.943341
1859 0.297873 0.620447
1860 0.627620 0.783133
1861 0.192439 0.629313
1862 0.386430 0.964679
1863 0.554806 0.653341
1864 0.046903 0.822151
1865 0.373770 0.715267
1866 0.700283 0.846849
1867 0.161734 0.886316
1868 0.771694 0.694381
1869 0.479643 0.595257
1870 0.005113 0.550412
1871 0.586472 0.796947
1872 0.078691 0.671353
1873 0.279475 0.765066
1874 0.669456 0.610122
1875 0.239450 0.871727
1876 0.818943 0.721559
1877 0.433138 0.589387
1878 0.507950 0.830475
1879 0.000228 0.657965
1880 0.326665 0.748932
1881 0.747231 0.643542
1882 0.146124 0.623487
1883 0.787148 0.771415
1884 0.463972 0.947823
1885 0.602237 0.676237
1886 0.094393 0.804765
1887 0.294992 0.700310
1888 0.654027 0.913604
1889 0.212988 0.711995
1890 0.395155 0.819739
1891 0.538120 0.582987
1892 0.045962 0.969336
1893 0.345377 0.632445
1894 0.705082 0.732410
1895 0.182168 0.762162
1896 0.758915 0.616333
1897 0.488467 0.667825
1898 0.569931 0.933865
1899 0.077651 0.597543
1900 0.251195 0.889137
1901 0.674385 0.687189
1902 0.831349 0.825720
1903 0.420275 0.849098
1904 0.529266 0.719090
1905 0.021422 0.740304
1906 0.339193 0.649769
1907 0.727532 0.960872
1908 0.125448 0.921949
1909 0.800652 0.674505
1910 0.451964 0.613001
1911 0.622455 0.767060
1912 0.114733 0.691515
1913 0.308374 0.794515
1914 0.633229 0.592387
1915 0.643057 0.570919
1916 0.202932 0.840637
1917 0.376432 0.725803
1918 0.549671 0.864870
1919 0.057391 0.640087
1920 0.363764 0.983942
1921 0.695149 0.664015
1922 0.171258 0.680424
1923 0.778278 0.940584
1924 0.470599 0.779909
1925 0.580383 0.617873
1926 0.088225 0.902194
1927 0.270436 0.604204
1928 0.663353 0.810223
1929 0.245891 0.603304
1930 0.820685 0.812380
1931 0.427185 0.904273
1932 0.506696 0.706068
1933 0.014416 0.778409
1934 0.312965 0.681606
1935 0.738109 0.937783
1936 0.151710 0.987038
1937 0.789988 0.662888
1938 0.458874 0.638752
1939 0.599886 0.755317
1940 0.107728 0.727485
1941 0.282146 0.838336
1942 0.643805 0.585366
1943 0.207893 0.792958
1944 0.400738 0.692736
1945 0.540956 0.880302
1946 0.033112 0.612074
1947 0.358714 0.924121
1948 0.715796 0.673063
1949 0.176219 0.651118
1950 0.757666 0.958515
1951 0.494904 0.738519
1952 0.571668 0.627821
1953 0.063946 0.851401
1954 0.684001 0.827400
1955 0.232540 0.891654
1956 0.406876 0.596375
1957 0.518613 0.787227
1958 0.026455 0.669245
1959 0.333671 0.760264
1960 0.724635 0.617273
1961 0.139213 0.631463
1962 0.809718 0.734166
1963 0.437710 0.971747
1964 0.612901 0.645037
1965 0.120622 0.818090
1966 0.301998 0.713295
1967 0.631430 0.857579
1968 0.188682 0.701871
1969 0.390195 0.802649
1970 0.558733 0.608355
1971 0.051011 0.950685
1972 0.369655 0.622216
1973 0.696463 0.772888
1974 0.157863 0.747555
1975 0.767630 0.644897
1976 0.483505 0.659075
1977 0.590543 0.995354
1978 0.082699 0.588534
1979 0.275475 0.873676
1980 0.665766 0.719904
1981 0.235386 0.766514
1982 0.437209 0.670207
1983 0.511813 0.919958
1984 0.003909 0.596134
1985 0.322976 0.884318
1986 0.743231 0.695916
1987 0.142189 0.713640
1988 0.783391 0.848688
1989 0.467899 0.824364
1990 0.606001 0.577089
1991 0.098221 0.961723
1992 0.291172 0.630609
1993 0.649911 0.741591
1994 0.216927 0.621399
1995 0.391208 0.941079
1996 0.534377 0.685359
1997 0.042160 0.808680
1998 0.349186 0.702221
1999 0.709207 0.901453
2000 0.186223 0.866641
2001 0.762796 0.730864
2002 0.484420 0.588288
2003 0.029360 0.571211
2004 0.566042 0.841283
2005 0.073947 0.659993
2006 0.254891 0.753604
2007 0.678381 0.635782
2008 0.223500 0.678629
2009 0.835413 0.953821
2010 0.416412 0.776267
2011 0.525195 0.624963
2012 0.017413 0.908391
2013 0.343194 0.606178
2014 0.731222 0.799777
2015 0.712883 0.575731
2016 0.129204 0.834827
2017 0.448200 0.723350
2018 0.618529 0.877650
2019 0.110626 0.641389
2020 0.312489 0.990504
2021 0.637048 0.656326
2022 0.199181 0.927187
2023 0.380176 0.614491
2024 0.553618 0.758516
2025 0.061523 0.688980
2026 0.359639 0.789840
2027 0.691339 0.599416
2028 0.774225 0.814353
2029 0.474487 0.855026
2030 0.584429 0.709358
2031 0.092212 0.736572
2032 0.266442 0.648406
2033 0.659658 0.975307
2034 0.247933 0.974667
2035 0.425143 0.634702
2036 0.500931 0.735431
2037 0.008712 0.709019
2038 0.777227 0.566631
2039 0.318670 0.815812
2040 0.740212 0.580994
2041 0.153753 0.599657
2042 0.795754 0.789366
2043 0.456831 0.893808
2044 0.594119 0.689981
2045 0.102022 0.758902
2046 0.287851 0.665330
2047 0.645909 0.929004
2048 0.205846 0.655420
2049 0.845101 0.992661
2050 0.402784 0.745649
2051 0.546726 0.641112
2052 0.038821 0.876032
2053 0.353006 0.591344
2054 0.713688 0.834357
2055 0.734292 0.559515
2056 0.174173 0.801127
2057 0.751896 0.605371
2058 0.496951 0.697564
2059 0.577438 0.908946
2060 0.069655 0.625787
2061 0.259679 0.953129
2062 0.681893 0.678938
2063 0.226769 0.637800
2064 0.412646 0.978526
2065 0.520660 0.661538
2066 0.028563 0.844819
2067 0.331563 0.728930
2068 0.718926 0.869306
2069 0.133444 0.897430
2070 0.807671 0.704726
2071 0.443480 0.602056
2072 0.614947 0.806371
2073 0.122729 0.683032
2074 0.299890 0.783350
2075 0.625722 0.620035
2076 0.194448 0.743543
2077 0.384428 0.652273
2078 0.556690 0.966346
2079 0.048907 0.578269
2080 0.371759 0.845057
2081 0.702168 0.716183
2082 0.163629 0.694205
2083 0.769672 0.887167
2084 0.477740 0.798082
2085 0.588501 0.594372
2086 0.080596 0.916970
2087 0.277578 0.610787
2088 0.671471 0.763604
2089 0.241339 0.721743
2090 0.816936 0.870913
2091 0.431257 0.829238
2092 0.509949 0.590262
2093 0.002107 0.998875
2094 0.324778 0.642799
2095 0.749244 0.750344
2096 0.148142 0.770779
2097 0.785255 0.623623
2098 0.461946 0.677390
2099 0.604138 0.946210
2100 0.096418 0.607049
2101 0.292975 0.915709
2102 0.655925 0.699428
2103 0.210978 0.861253
2104 0.536236 0.820467
2105 0.043958 0.647112
2106 0.347388 0.732214
2107 0.703197 0.632879
2108 0.180273 0.615383
2109 0.760936 0.763203
2110 0.490370 0.934807
2111 0.567902 0.667663
2112 0.075746 0.784155
2113 0.253092 0.687699
2114 0.672370 0.888850
2115 0.686789 0.564105
2116 0.221640 0.825961
2117 0.418272 0.718160
2118 0.531144 0.850915
2119 0.023424 0.626992
2120 0.337183 0.959214
2121 0.729423 0.650834
2122 0.127345 0.674018
2123 0.798637 0.922251
2124 0.450059 0.768542
2125 0.624478 0.612326
2126 0.116636 0.881935
2127 0.306479 0.593270
2128 0.635250 0.793382
2129 0.201045 0.585136
2130 0.378312 0.864599
2131 0.547665 0.726372
2132 0.055509 0.754935
2133 0.365653 0.663855
2134 0.693142 0.984989
2135 0.169241 0.938375
2136 0.780177 0.681252
2137 0.472624 0.618286
2138 0.013597 0.542091
2139 0.578477 0.779687
2140 0.086199 0.706404
2141 0.272456 0.810934
2142 0.661460 0.604071
2143 0.242637 0.705659
2144 0.824093 0.904785
2145 0.428525 0.811823
2146 0.505264 0.603523
2147 0.013169 0.936924
2148 0.316187 0.618761
2149 0.734794 0.778707
2150 0.149317 0.755776
2151 0.792289 0.638491
2152 0.459337 0.663231
2153 0.599576 0.986391
2154 0.107359 0.585711
2155 0.284506 0.863725
2156 0.641597 0.727265
2157 0.210322 0.880790
2158 0.400286 0.593769
2159 0.541318 0.792475
2160 0.033536 0.673258
2161 0.356375 0.769233
2162 0.718044 0.611693
2163 0.179496 0.627580
2164 0.754299 0.738960
2165 0.493619 0.957972
2166 0.573105 0.651471
2167 0.065202 0.827088
2168 0.262202 0.717521
2169 0.687339 0.852086
2170 0.232062 0.786968
2171 0.409284 0.685781
2172 0.516296 0.892455
2173 0.024079 0.617020
2174 0.334056 0.931091
2175 0.724342 0.669604
2176 0.137888 0.645240
2177 0.811134 0.970845
2178 0.440950 0.734418
2179 0.609509 0.631074
2180 0.117414 0.858023
2181 0.630046 0.817541
2182 0.189982 0.608705
2183 0.386904 0.912285
2184 0.562115 0.701645
2185 0.054212 0.773384
2186 0.368384 0.675443
2187 0.697826 0.950132
2188 0.158301 0.994348
2189 0.767284 0.659251
2190 0.481092 0.644484
2191 0.002655 0.532961
2192 0.592804 0.747794
2193 0.085023 0.719504
2194 0.275065 0.832184
2195 0.666023 0.588753
2196 0.237024 0.920658
2197 0.813588 0.669928
2198 0.433641 0.609220
2199 0.515289 0.766164
2200 0.007567 0.696392
2201 0.770223 0.549677
2202 0.321310 0.795478
2203 0.744805 0.595962
2204 0.782768 0.824804
2205 0.465453 0.848131
2206 0.608600 0.713981
2207 0.100756 0.741042
2208 0.290612 0.653998
2209 0.650624 0.962113
2210 0.216420 0.685061
2211 0.393706 0.780727
2212 0.531788 0.621694
2213 0.039630 0.901100
2214 0.349786 0.600594
2215 0.708515 0.809342
2216 0.719477 0.571358
2217 0.184626 0.841714
2218 0.764302 0.588006
2219 0.487994 0.731176
2220 0.562621 0.866011
2221 0.070341 0.635964
2222 0.256582 0.982469
2223 0.676842 0.659580
2224 0.225961 0.625128
2225 0.832799 0.775652
2226 0.415865 0.954225
2227 0.525833 0.678169
2228 0.017989 0.800205
2229 0.340643 0.698249
2230 0.733864 0.907734
2231 0.132756 0.877277
2232 0.801125 0.723853
2233 0.446578 0.590916
2234 0.038395 0.576006
2235 0.619999 0.835512
2236 0.112277 0.656068
2237 0.308847 0.744882
2238 0.640538 0.641729
2239 0.195592 0.757970
2240 0.381789 0.665873
2241 0.552097 0.927576
2242 0.059817 0.599115
2243 0.363260 0.894913
2244 0.687809 0.689268
2245 0.164896 0.709867
2246 0.776799 0.854725
2247 0.474978 0.815010
2248 0.583785 0.581558
2249 0.091627 0.976035
2250 0.268957 0.634135
2251 0.656991 0.736227
2252 0.248402 0.735864
2253 0.422760 0.649053
2254 0.503222 0.974032
2255 0.011066 0.581331
2256 0.318291 0.856334
2257 0.740499 0.708807
2258 0.155083 0.689589
2259 0.794332 0.894303
2260 0.453571 0.788837
2261 0.597532 0.599871
2262 0.105254 0.928155
2263 0.286610 0.613841
2264 0.647303 0.759181
2265 0.204552 0.640862
2266 0.406055 0.992085
2267 0.543364 0.655780
2268 0.618957 0.575308
2269 0.035644 0.834044
2270 0.354268 0.724252
2271 0.712335 0.876761
2272 0.173725 0.909471
2273 0.752252 0.697181
2274 0.499390 0.605613
2275 0.016863 0.559198
2276 0.575152 0.800637
2277 0.067310 0.679139
2278 0.260094 0.775193
2279 0.681630 0.625391
2280 0.230015 0.661750
2281 0.836069 0.977606
2282 0.411331 0.750999
2283 0.522067 0.637400
2284 0.029789 0.869757
2285 0.722234 0.844230
2286 0.135842 0.806096
2287 0.442996 0.704505
2288 0.615278 0.898237
2289 0.123122 0.619778
2290 0.297520 0.945005
2291 0.627939 0.683404
2292 0.192025 0.965403
2293 0.384860 0.628779
2294 0.556349 0.743783
2295 0.048507 0.715791
2296 0.783818 0.561905
2297 0.374089 0.821375
2298 0.699930 0.578482
2299 0.160344 0.594708
2300 0.773050 0.797781
2301 0.479050 0.887932
2302 0.587039 0.693988
2303 0.079319 0.764092
2304 0.280769 0.672210
2305 0.668126 0.916460
2306 0.238887 0.589981
2307 0.819540 0.829678
2308 0.431779 0.870321
2309 0.509336 0.722089
2310 0.001553 0.749779
2311 0.327323 0.657057
2312 0.746607 0.999291
2313 0.144584 0.946945
2314 0.788722 0.677103
2315 0.463589 0.623952
2316 0.602647 0.770422
2317 0.094742 0.699907
2318 0.296627 0.805612
2319 0.652426 0.606868
2320 0.214561 0.820880
2321 0.395565 0.711028
2322 0.537736 0.860636
2323 0.045639 0.633062
2324 0.343776 0.967439
2325 0.706717 0.646717
2326 0.182765 0.667383
2327 0.758353 0.935501
2328 0.489853 0.762822
2329 0.568571 0.615675
2330 0.076352 0.888511
2331 0.250571 0.598036
2332 0.675043 0.784782
2333 0.220012 0.850561
2334 0.830939 0.718653
2335 0.527692 0.826627
2336 0.019787 0.650579
2337 0.338843 0.739378
2338 0.727854 0.627315
2339 0.126808 0.612483
2340 0.799266 0.767936
2341 0.452526 0.922625
2342 0.621858 0.673562
2343 0.114075 0.793800
2344 0.307049 0.691991
2345 0.634528 0.881311
2346 0.201545 0.726909
2347 0.375836 0.839570
2348 0.550233 0.584990
2349 0.058014 0.985737
2350 0.365062 0.639386
2351 0.693824 0.754575
2352 0.170848 0.779113
2353 0.778662 0.618469
2354 0.469025 0.680804
2355 0.581922 0.938778
2356 0.089826 0.603768
2357 0.270759 0.902989
2358 0.663004 0.706710
2359 0.244531 0.905660
2360 0.822072 0.705484
2361 0.426622 0.602608
2362 0.507293 0.813012
2363 0.015074 0.682321
2364 0.314291 0.777183
2365 0.736809 0.619450
2366 0.151327 0.638346
2367 0.790398 0.756388
2368 0.457335 0.988143
2369 0.601459 0.662128
2370 0.109362 0.837778
2371 0.282495 0.728216
2372 0.643483 0.861854
2373 0.208303 0.693559
2374 0.402312 0.791797
2375 0.539417 0.593897
2376 0.031512 0.925413
2377 0.358392 0.611290
2378 0.716145 0.769448
2379 0.177607 0.737987
2380 0.756306 0.628567
2381 0.495501 0.651626
2382 0.571105 0.956979
2383 0.063322 0.578780
2384 0.264089 0.852352
2385 0.685326 0.716965
2386 0.234079 0.597122
2387 0.839940 0.786750
2388 0.407259 0.890457
2389 0.518203 0.686627
2390 0.026106 0.761336
2391 0.332037 0.668479
2392 0.726235 0.932651
2393 0.139776 0.970515
2394 0.809120 0.645686
2395 0.439071 0.631791
2396 0.611515 0.733063
2397 0.119296 0.712688
2398 0.301339 0.818746
2399 0.632054 0.583454
2400 0.188085 0.803955
2401 0.388808 0.701114
2402 0.560093 0.912590
2403 0.052310 0.622956
2404 0.370279 0.949155
2405 0.695805 0.675609
2406 0.156290 0.658475
2407 0.769169 0.996830
2408 0.483095 0.747997
2409 0.590926 0.644036
2410 0.083021 0.872811
2411 0.277074 0.588878
2412 0.664132 0.831437
2413 0.235007 0.670737
2414 0.815487 0.918530
2415 0.435666 0.765957
2416 0.513382 0.609616
2417 0.005540 0.885366
2418 0.323329 0.595837
2419 0.742912 0.796156
2420 0.700708 0.562711
2421 0.140833 0.823098
2422 0.784782 0.577422
2423 0.467333 0.714528
2424 0.606595 0.847875
2425 0.098875 0.629788
2426 0.292502 0.963107
2427 0.648616 0.653846
2428 0.218317 0.942098
2429 0.391802 0.621004
2430 0.533810 0.782257
2431 0.041532 0.702888
2432 0.347891 0.808172
2433 0.710536 0.601499
2434 0.186637 0.587632
2435 0.762417 0.841973
2436 0.485990 0.867893
2437 0.564499 0.730223
2438 0.072343 0.752439
2439 0.254573 0.660670
2440 0.678733 0.980747
2441 0.224067 0.776734
2442 0.417768 0.678006
2443 0.523804 0.955202
2444 0.016084 0.606553
2445 0.342539 0.907442
2446 0.731850 0.698772
2447 0.130747 0.722537
2448 0.803016 0.878664
2449 0.448580 0.836259
2450 0.618115 0.590793
2451 0.110273 0.988871
2452 0.310858 0.642169
2453 0.638652 0.744686
2454 0.197611 0.614807
2455 0.379763 0.926041
2456 0.553998 0.666984
2457 0.061842 0.790433
2458 0.361242 0.688421
2459 0.689708 0.896923
2460 0.166785 0.853938
2461 0.774792 0.710050
2462 0.010163 0.565607
2463 0.585785 0.813824
2464 0.093507 0.647676
2465 0.267070 0.737587
2466 0.659004 0.633417
2467 0.246395 0.635456
2468 0.828024 0.734890
2469 0.424760 0.973019
2470 0.501340 0.649202
2471 0.009061 0.817193
2472 0.320304 0.708270
2473 0.738612 0.856591
2474 0.153190 0.892868
2475 0.796351 0.690786
2476 0.455471 0.599999
2477 0.595506 0.788172
2478 0.103348 0.664740
2479 0.288509 0.759385
2480 0.645285 0.613438
2481 0.206444 0.746704
2482 0.404171 0.654704
2483 0.545366 0.993848
2484 0.037521 0.592062
2485 0.352382 0.874840
2486 0.714347 0.725192
2487 0.175746 0.697004
2488 0.750357 0.910368
2489 0.497361 0.801783
2490 0.577055 0.604696
2491 0.069333 0.951900
2492 0.258079 0.626090
2493 0.683527 0.773692
2494 0.228130 0.980015
2495 0.413209 0.636965
2496 0.520063 0.751199
2497 0.027905 0.729816
2498 0.765235 0.572165
2499 0.330237 0.843468
2500 0.720225 0.586875
2501 0.133827 0.601774
2502 0.807261 0.807735
2503 0.445019 0.898520
2504 0.613374 0.703975
2505 0.121094 0.782722
2506 0.299541 0.683568
2507 0.626044 0.944052
2508 0.194038 0.652909
2509 0.382855 0.742401
2510 0.558229 0.629485
2511 0.050507 0.846302
2512 0.701819 0.822581
2513 0.745677 0.550666
2514 0.162242 0.797550
2515 0.771033 0.595090
2516 0.477143 0.694850
2517 0.589063 0.885962
2518 0.081220 0.610434
2519 0.278877 0.917964
2520 0.670145 0.671079
2521 0.667225 0.573336
2522 0.240772 0.829921
2523 0.429901 0.721152
2524 0.511340 0.872231
2525 0.003437 0.643126
2526 0.325432 0.997498
2527 0.748616 0.658146
2528 0.146600 0.676612
2529 0.786825 0.947263
2530 0.461566 0.771916
2531 0.604552 0.623253
2532 0.096770 0.914420
2533 0.294606 0.607795
2534 0.654322 0.804449
2535 0.397571 0.860368
2536 0.535857 0.711574
2537 0.043639 0.732655
2538 0.345784 0.646565
2539 0.704828 0.968449
2540 0.180867 0.933315
2541 0.760369 0.668178
2542 0.491760 0.616085
2543 0.566546 0.762610
2544 0.074451 0.686987
2545 0.252464 0.785448
2546 0.673025 0.597906
2547 0.222019 0.718836
2548 0.829050 0.849786
2549 0.419815 0.825402
2550 0.021793 0.960317
2551 0.336830 0.626608
2552 0.729741 0.740753
2553 0.128701 0.767306
2554 0.797246 0.612615
2555 0.450626 0.674705
2556 0.623884 0.921096
2557 0.115981 0.592620
2558 0.305150 0.883269
2559 0.636545 0.691131
2560 0.199654 0.865631
2561 0.548231 0.840334
2562 0.056136 0.664354
2563 0.366948 0.754368
2564 0.691812 0.639829
2565 0.168828 0.617513
2566 0.780557 0.780200
2567 0.471054 0.939730
2568 0.580020 0.680635
2569 0.087803 0.809677
2570 0.272774 0.707250
2571 0.661107 0.902695
2572 0.243384 0.618961
2573 0.822825 0.778154
2574 0.429211 0.938036
2575 0.504061 0.681743
2576 0.011903 0.812185
2577 0.314983 0.706278
2578 0.735479 0.904625
2579 0.150066 0.862781
2580 0.791022 0.727351
2581 0.460022 0.585530
2582 0.055707 0.569935
2583 0.598371 0.838662
2584 0.106091 0.662685
2585 0.283302 0.755461
2586 0.642283 0.638850
2587 0.209057 0.768711
2588 0.399078 0.673172
2589 0.542005 0.924337
2590 0.034283 0.593450
2591 0.357063 0.880661
2592 0.716837 0.692965
2593 0.178230 0.717621
2594 0.755045 0.851188
2595 0.492413 0.827695
2596 0.573793 0.579196
2597 0.065949 0.958127
2598 0.262889 0.627938
2599 0.686133 0.738675
2600 0.231376 0.931233
2601 0.408536 0.617364
2602 0.517565 0.760410
2603 0.025285 0.685868
2604 0.760677 0.552772
2605 0.335323 0.787515
2606 0.723593 0.596545
2607 0.137203 0.584001
2608 0.812338 0.817893
2609 0.440201 0.857896
2610 0.610776 0.713510
2611 0.118618 0.733939
2612 0.304496 0.645159
2613 0.629298 0.972018
2614 0.191189 0.674877
2615 0.388168 0.773059
2616 0.561368 0.622330
2617 0.053524 0.911237
2618 0.367637 0.608511
2619 0.699091 0.802926
2620 0.748924 0.574589
2621 0.159507 0.832567
2622 0.766596 0.588446
2623 0.482358 0.720151
2624 0.592058 0.874031
2625 0.084336 0.644705
2626 0.274318 0.995604
2627 0.667288 0.659179
2628 0.238259 0.795143
2629 0.434818 0.695777
2630 0.514571 0.884087
2631 0.006790 0.609014
2632 0.320591 0.919601
2633 0.745981 0.670014
2634 0.143956 0.654538
2635 0.781992 0.961957
2636 0.466628 0.741329
2637 0.607882 0.630425
2638 0.099979 0.849023
2639 0.651800 0.824202
2640 0.215642 0.600915
2641 0.392989 0.901259
2642 0.532961 0.702096
2643 0.040866 0.781283
2644 0.350960 0.685141
2645 0.707800 0.940656
2646 0.183846 0.982288
2647 0.765539 0.660122
2648 0.487278 0.635609
2649 0.563796 0.753365
2650 0.071579 0.731089
2651 0.257756 0.841074
2652 0.676126 0.588188
2653 0.224785 0.698167
2654 0.833516 0.908774
2655 0.414631 0.799624
2656 0.526610 0.606085
2657 0.018707 0.954051
2658 0.341419 0.624781
2659 0.732629 0.775979
2660 0.131581 0.745384
2661 0.801844 0.641510
2662 0.445342 0.656140
2663 0.620775 0.990091
2664 0.112995 0.591225
2665 0.309625 0.877422
2666 0.639303 0.723200
2667 0.196309 0.895912
2668 0.382568 0.599313
2669 0.550860 0.789656
2670 0.058643 0.666435
2671 0.362023 0.758273
2672 0.688589 0.614328
2673 0.165611 0.633915
2674 0.775625 0.736709
2675 0.475757 0.974853
2676 0.582549 0.648211
2677 0.090454 0.814661
2678 0.267720 0.709231
2679 0.657769 0.854852
2680 0.249090 0.855407
2681 0.824929 0.708893
2682 0.501956 0.816122
2683 0.009859 0.648531
2684 0.317026 0.735567
2685 0.741246 0.634799
2686 0.155770 0.614040
2687 0.793126 0.758660
2688 0.454318 0.929249
2689 0.596268 0.665462
2690 0.104049 0.789180
2691 0.285344 0.690181
2692 0.648048 0.894154
2693 0.203348 0.724351
2694 0.847233 0.875803
2695 0.404788 0.834659
2696 0.544113 0.591491
2697 0.036330 0.992249
2698 0.355016 0.641235
2699 0.711068 0.745807
2700 0.172521 0.774660
2701 0.752938 0.625604
2702 0.498121 0.679050
2703 0.575900 0.953356
2704 0.067995 0.605279
2705 0.260843 0.909331
2706 0.680363 0.697795
2707 0.229269 0.586443
2708 0.837334 0.844607
2709 0.410643 0.869633
2710 0.523273 0.729153
2711 0.031054 0.750502
2712 0.329553 0.661669
2713 0.721547 0.978798
2714 0.135095 0.945159
2715 0.806630 0.682814
2716 0.442309 0.620128
2717 0.616485 0.783503
2718 0.124389 0.704602
2719 0.298726 0.806675
2720 0.627251 0.602228
2721 0.193292 0.821742
2722 0.386065 0.716427
2723 0.555664 0.845390
2724 0.047759 0.628985
2725 0.373403 0.966580
2726 0.701134 0.652376
2727 0.161611 0.671646
2728 0.772302 0.916618
2729 0.480253 0.763770
2730 0.586353 0.610899
2731 0.078570 0.886933
2732 0.280085 0.594520
2733 0.669331 0.798358
2734 0.240061 0.657606
2735 0.818825 0.999125
2736 0.433015 0.750077
2737 0.508557 0.642606
2738 0.000837 0.871267
2739 0.326545 0.590174
2740 0.747844 0.829071
2741 0.696234 0.561470
2742 0.145758 0.805274
2743 0.788005 0.607203
2744 0.464826 0.699289
2745 0.601868 0.915459
2746 0.094026 0.623739
2747 0.295847 0.945835
2748 0.653663 0.677191
2749 0.213843 0.967255
2750 0.394788 0.632706
2751 0.538972 0.731990
2752 0.046816 0.710941
2753 0.345011 0.820266
2754 0.705939 0.582766
2755 0.182048 0.598352
2756 0.759529 0.784442
2757 0.489076 0.888659
2758 0.569805 0.687581
2759 0.077527 0.763349
2760 0.251807 0.667455
2761 0.674267 0.934392
2762 0.218775 0.739874
2763 0.420640 0.650651
2764 0.528408 0.958829
2765 0.020566 0.579933
2766 0.339560 0.850700
2767 0.726680 0.718014
2768 0.125571 0.691912
2769 0.800044 0.882298
2770 0.451353 0.793230
2771 0.622574 0.593182
2772 0.114855 0.922464
2773 0.307764 0.612151
2774 0.633354 0.768262
2775 0.202322 0.639162
2776 0.376554 0.984528
2777 0.549058 0.663649
2778 0.056780 0.839198
2779 0.363886 0.726240
2780 0.694541 0.864418
2781 0.171626 0.904004
2782 0.777427 0.706613
2783 0.469743 0.603967
2784 0.014767 0.556914
2785 0.580746 0.810738
2786 0.088590 0.681390
2787 0.269583 0.779432
2788 0.663723 0.618121
2789 0.245278 0.777935
2790 0.427311 0.682576
2791 0.506087 0.935836
2792 0.013809 0.603067
2793 0.313084 0.906091
2794 0.737497 0.705031
2795 0.152074 0.727925
2796 0.789133 0.862509
2797 0.458022 0.836904
2798 0.600253 0.586142
2799 0.108097 0.987627
2800 0.281289 0.637831
2801 0.644170 0.756482
2802 0.207036 0.611227
2803 0.401107 0.924638
2804 0.540102 0.672688
2805 0.032260 0.791679
2806 0.359078 0.693134
2807 0.714941 0.879833
2808 0.176338 0.853012
2809 0.757055 0.716696
2810 0.019729 0.564983
2811 0.571792 0.827938
2812 0.064072 0.652003
2813 0.264775 0.738091
2814 0.684121 0.628077
2815 0.233391 0.668873
2816 0.841146 0.932173
2817 0.406513 0.761444
2818 0.519469 0.616412
2819 0.027313 0.891174
2820 0.333302 0.597181
2821 0.725488 0.785965
2822 0.706898 0.567932
2823 0.139088 0.818615
2824 0.438323 0.712237
2825 0.612780 0.859214
2826 0.120502 0.631723
2827 0.302605 0.969656
2828 0.631307 0.645904
2829 0.189290 0.948685
2830 0.390075 0.622467
2831 0.559343 0.772419
2832 0.051624 0.700845
2833 0.369530 0.803155
2834 0.697073 0.608115
2835 0.157494 0.589319
2836 0.768483 0.831322
2837 0.484363 0.873214
2838 0.590178 0.720333
2839 0.082336 0.748696
2840 0.276326 0.658715
2841 0.665399 0.995954
2842 0.236243 0.595394
2843 0.814707 0.796275
2844 0.436841 0.884932
2845 0.512667 0.695602
2846 0.004762 0.765214
2847 0.322612 0.670498
2848 0.744086 0.919295
2849 0.142071 0.963611
2850 0.784003 0.653467
2851 0.468506 0.630280
2852 0.605878 0.741925
2853 0.098095 0.714795
2854 0.291786 0.823953
2855 0.649791 0.577365
2856 0.217540 0.808285
2857 0.391083 0.703338
2858 0.534986 0.899799
2859 0.042767 0.621079
2860 0.349068 0.942888
2861 0.709818 0.684298
2862 0.185859 0.660277
2863 0.763651 0.981257
2864 0.485272 0.752346
2865 0.565675 0.636625
2866 0.073578 0.867229
2867 0.255748 0.587568
2868 0.678015 0.842856
2869 0.222892 0.906713
2870 0.416531 0.606482
2871 0.524584 0.799390
2872 0.016801 0.677589
2873 0.752193 0.547448
2874 0.343318 0.776632
2875 0.730612 0.624639
2876 0.129574 0.642247
2877 0.803733 0.743995
2878 0.447342 0.989735
2879 0.618894 0.656605
2880 0.110989 0.836375
2881 0.311638 0.723011
2882 0.637416 0.878254
2883 0.198330 0.688671
2884 0.380539 0.791226
2885 0.552762 0.598668
2886 0.060666 0.926515
2887 0.360008 0.615278
2888 0.690486 0.757241
2889 0.167503 0.736900
2890 0.773615 0.633486
2891 0.473874 0.647456
2892 0.584551 0.977251
2893 0.092331 0.581986
2894 0.265834 0.853538
2895 0.659781 0.710498
2896 0.247080 0.707996
2897 0.826820 0.857244
2898 0.425508 0.816363
2899 0.007856 0.972522
2900 0.319037 0.634946
2901 0.739361 0.734984
2902 0.153876 0.760104
2903 0.795146 0.613368
2904 0.456220 0.664983
2905 0.594239 0.929564
2906 0.102144 0.600455
2907 0.287241 0.893290
2908 0.646034 0.690355
2909 0.205237 0.875533
2910 0.402906 0.592121
2911 0.546113 0.832910
2912 0.038210 0.655084
2913 0.353129 0.746809
2914 0.713081 0.640202
2915 0.174540 0.626024
2916 0.751045 0.774448
2917 0.496095 0.951078
2918 0.577801 0.679880
2919 0.070020 0.801660
2920 0.258826 0.696573
2921 0.682262 0.910818
2922 0.677149 0.572111
2923 0.227381 0.843335
2924 0.412522 0.729348
2925 0.521267 0.868816
2926 0.029172 0.636899
2927 0.331443 0.979148
2928 0.719539 0.661195
2929 0.133078 0.683984
2930 0.808528 0.943564
2931 0.444334 0.782842
2932 0.614579 0.620267
2933 0.122362 0.899257
2934 0.300745 0.601836
2935 0.625358 0.806910
2936 0.384061 0.846675
2937 0.557542 0.715139
2938 0.049761 0.743085
2939 0.371393 0.653142
2940 0.703025 0.964238
2941 0.163508 0.917518
2942 0.770286 0.671488
2943 0.478349 0.609961
2944 0.007626 0.534901
2945 0.588375 0.764821
2946 0.080472 0.694583
2947 0.278189 0.796758
2948 0.671352 0.595157
2949 0.241949 0.998048
2950 0.816811 0.657763
2951 0.431136 0.643643
2952 0.510562 0.749073
2953 0.002718 0.721429
2954 0.767343 0.573745
2955 0.324655 0.830796
2956 0.749852 0.589552
2957 0.147775 0.607337
2958 0.786107 0.804572
2959 0.462801 0.913965
2960 0.603775 0.700515
2961 0.096053 0.771166
2962 0.293828 0.676373
2963 0.655556 0.948079
2964 0.211831 0.646185
2965 0.396792 0.732562
2966 0.537094 0.632565
2967 0.044814 0.859709
2968 0.704048 0.820030
2969 0.180151 0.785550
2970 0.761544 0.597453
2971 0.490980 0.687413
2972 0.567783 0.889505
2973 0.075625 0.616156
2974 0.253702 0.934084
2975 0.672246 0.667933
2976 0.220785 0.626684
2977 0.829827 0.740075
2978 0.418639 0.961135
2979 0.530292 0.649896
2980 0.022570 0.825517
2981 0.337549 0.719306
2982 0.728566 0.849410
2983 0.127465 0.882581
2984 0.798024 0.691395
2985 0.449450 0.592553
2986 0.624603 0.794809
2987 0.116759 0.674293
2988 0.305867 0.767208
2989 0.635368 0.613092
2990 0.200433 0.753647
2991 0.378436 0.664122
2992 0.547058 0.984186
2993 0.054900 0.584439
2994 0.365773 0.865218
2995 0.692528 0.726053
2996 0.169607 0.707512
2997 0.779320 0.901951
2998 0.471769 0.810507
2999 0.578845 0.604357
3000 0.086565 0.940214
3001 0.271601 0.617986
3002 0.661824 0.780082
3003 0.242757 0.936355
3004 0.823479 0.682188
3005 0.427916 0.619611
3006 0.505390 0.777445
3007 0.013293 0.705269
3008 0.779870 0.558123
3009 0.315576 0.813199
3010 0.734913 0.602716
3011 0.148462 0.585918
3012 0.792653 0.837445
3013 0.459704 0.862040
3014 0.598724 0.728345
3015 0.106505 0.756249
3016 0.284872 0.662336
3017 0.640740 0.988599
3018 0.210688 0.672335
3019 0.847737 0.925205
3020 0.399432 0.769724
3021 0.541686 0.611467
3022 0.033903 0.879038
3023 0.355520 0.593982
3024 0.718408 0.791954
3025 0.729116 0.565288
3026 0.178884 0.828516
3027 0.754418 0.578635
3028 0.493743 0.717118
3029 0.572498 0.852558
3030 0.064593 0.628455
3031 0.262323 0.957376
3032 0.686726 0.651804
3033 0.231695 0.616790
3034 0.410140 0.933057
3035 0.515934 0.668692
3036 0.023715 0.786456
3037 0.334909 0.686741
3038 0.723973 0.890655
3039 0.138498 0.858501
3040 0.811009 0.712468
3041 0.044387 0.568122
3042 0.610122 0.818936
3043 0.118025 0.645567
3044 0.303106 0.733296
3045 0.630654 0.631959
3046 0.189859 0.772141
3047 0.387514 0.675800
3048 0.561996 0.949545
3049 0.054091 0.607884
3050 0.368993 0.912826
3051 0.697701 0.701260
3052 0.159154 0.720562
3053 0.766915 0.872449
3054 0.480727 0.831610
3055 0.593662 0.588962
3056 0.085879 0.996590
3057 0.274698 0.644233
3058 0.666874 0.748259
3059 0.236658 0.695318
3060 0.814445 0.885588
3061 0.434496 0.795890
3062 0.514920 0.595683
3063 0.007200 0.918895
3064 0.322165 0.609511
3065 0.744441 0.765783
3066 0.143332 0.742287
3067 0.782650 0.629976
3068 0.465330 0.653739
3069 0.609207 0.962882
3070 0.290492 0.847534
3071 0.651237 0.714290
3072 0.216300 0.900428
3073 0.394315 0.601330
3074 0.531662 0.807862
3075 0.039506 0.684777
3076 0.350398 0.782109
3077 0.708397 0.620908
3078 0.185481 0.636282
3079 0.763938 0.752684
3080 0.487627 0.980461
3081 0.563473 0.660546
3082 0.071195 0.842174
3083 0.256216 0.729993
3084 0.677699 0.867578
3085 0.226084 0.798759
3086 0.415254 0.698544
3087 0.525952 0.907050
3088 0.018110 0.624332
3089 0.340033 0.954981
3090 0.733989 0.677891
3091 0.131903 0.657025
3092 0.801494 0.989294
3093 0.446943 0.744521
3094 0.619141 0.642052
3095 0.111421 0.878883
3096 0.309214 0.590642
3097 0.639687 0.835967
3098 0.195960 0.598833
3099 0.380933 0.896586
3100 0.552460 0.688216
3101 0.060182 0.757597
3102 0.362407 0.666858
3103 0.688179 0.925786
3104 0.164286 0.976825
3105 0.776923 0.647875
3106 0.475099 0.633317
3107 0.583172 0.737456
3108 0.091017 0.710172
3109 0.269079 0.813509
3110 0.656383 0.582249
3111 0.825282 0.816874
3112 0.421902 0.856777
3113 0.503587 0.708390
3114 0.011429 0.734761
3115 0.317440 0.649403
3116 0.740866 0.973458
3117 0.154476 0.930071
3118 0.794455 0.664613
3119 0.453690 0.613596
3120 0.596922 0.759633
3121 0.104642 0.690581
3122 0.286735 0.788350
3123 0.646693 0.600105
3124 0.636867 0.575093
3125 0.204677 0.833498
3126 0.405442 0.725347
3127 0.543486 0.875059
3128 0.035764 0.640596
3129 0.353660 0.994273
3130 0.712458 0.654885
3131 0.172874 0.679521
3132 0.752619 0.951683
3133 0.499752 0.773970
3134 0.574296 0.626278
3135 0.066452 0.909972
3136 0.260463 0.604784
3137 0.680777 0.801946
3138 0.229896 0.868082
3139 0.411938 0.586977
3140 0.521943 0.843672
3141 0.029663 0.660839
3142 0.328960 0.751442
3143 0.722113 0.637136
3144 0.136699 0.620648
3145 0.804998 0.782575
3146 0.442628 0.944466
3147 0.616132 0.683791
3148 0.123974 0.807423
3149 0.297156 0.704094
3150 0.628794 0.898725
3151 0.191661 0.715367
3152 0.385712 0.822752
3153 0.048138 0.964839
3154 0.374946 0.629675
3155 0.699564 0.742657
3156 0.160957 0.764551
3157 0.772929 0.610327
3158 0.478924 0.671269
3159 0.587648 0.918326
3160 0.079926 0.594937
3161 0.280651 0.886187
3162 0.668738 0.694993
3163 0.238763 0.749439
3164 0.432391 0.658036
3165 0.509214 0.997260
3166 0.001434 0.589693
3167 0.327931 0.871868
3168 0.746485 0.720911
3169 0.145435 0.700225
3170 0.788354 0.914660
3171 0.463226 0.804176
3172 0.603503 0.607636
3173 0.095600 0.947649
3174 0.296257 0.623141
3175 0.653279 0.771740
3176 0.214192 0.632228
3177 0.396423 0.968172
3178 0.537371 0.646445
3179 0.045276 0.819388
3180 0.344628 0.711356
3181 0.706350 0.860056
3182 0.183373 0.890124
3183 0.758230 0.687100
3184 0.489734 0.597740
3185 0.026762 0.551670
3186 0.569182 0.785154
3187 0.076965 0.668392
3188 0.250447 0.762471
3189 0.675653 0.615989
3190 0.220376 0.650304
3191 0.830083 0.960714
3192 0.420963 0.740592
3193 0.528059 0.626496
3194 0.020156 0.849994
3195 0.728220 0.825115
3196 0.126194 0.794182
3197 0.799386 0.592704
3198 0.452652 0.690909
3199 0.621249 0.882897
3200 0.113468 0.612794
3201 0.307168 0.920893
3202 0.633916 0.674590
3203 0.201664 0.983759
3204 0.375229 0.639726
3205 0.550357 0.754231
3206 0.058139 0.725715
3207 0.789559 0.570632
3208 0.364449 0.839996
3209 0.693944 0.584706
3210 0.169991 0.604528
3211 0.779028 0.809865
3212 0.469394 0.902351
3213 0.581068 0.707035
3214 0.088973 0.780462
3215 0.271123 0.680503
3216 0.662149 0.939469
3217 0.244654 0.682018
3218 0.821464 0.937303
3219 0.426012 0.778526
3220 0.507413 0.618652
3221 0.015196 0.905018
3222 0.313681 0.603365
3223 0.736934 0.811548
3224 0.694968 0.569803
3225 0.150473 0.838202
3226 0.790767 0.585794
3227 0.457700 0.727019
3228 0.600601 0.863372
3229 0.108506 0.638684
3230 0.282862 0.986155
3231 0.642631 0.663121
3232 0.208670 0.923671
3233 0.401456 0.611599
3234 0.539780 0.769090
3235 0.031877 0.692472
3236 0.357539 0.792177
3237 0.716514 0.593605
3238 0.756431 0.827283
3239 0.495623 0.851782
3240 0.570492 0.717299
3241 0.062711 0.739196
3242 0.264212 0.651350
3243 0.684718 0.957699
3244 0.233713 0.760986
3245 0.408113 0.669492
3246 0.517835 0.930881
3247 0.025740 0.596827
3248 0.332892 0.892077
3249 0.725871 0.685562
3250 0.140387 0.713019
3251 0.809002 0.858233
3252 0.438947 0.817261
3253 0.612122 0.584164
3254 0.119905 0.971253
3255 0.301219 0.630961
3256 0.632667 0.734257
3257 0.187964 0.622149
3258 0.389417 0.949862
3259 0.559968 0.675313
3260 0.052186 0.802524
3261 0.370891 0.701433
3262 0.695686 0.911937
3263 0.157145 0.874366
3264 0.768806 0.719630
3265 0.482729 0.588591
3266 0.000287 0.574331
3267 0.591778 0.831855
3268 0.083875 0.659458
3269 0.276709 0.747659
3270 0.664989 0.644380
3271 0.234640 0.883631
3272 0.816338 0.696183
3273 0.436522 0.596068
3274 0.513019 0.795658
3275 0.005175 0.669801
3276 0.324182 0.766418
3277 0.742543 0.609375
3278 0.141443 0.630687
3279 0.784657 0.740909
3280 0.467211 0.962545
3281 0.607208 0.654200
3282 0.099486 0.824481
3283 0.292379 0.714105
3284 0.649224 0.848311
3285 0.218195 0.702479
3286 0.392413 0.809507
3287 0.533691 0.600681
3288 0.041410 0.941561
3289 0.348501 0.621878
3290 0.710412 0.781011
3291 0.187490 0.752883
3292 0.762047 0.635849
3293 0.485625 0.659762
3294 0.565357 0.982886
3295 0.073199 0.587857
3296 0.254205 0.866225
3297 0.679585 0.731336
3298 0.224187 0.605722
3299 0.834206 0.799901
3300 0.417159 0.907941
3301 0.523929 0.698368
3302 0.016207 0.775506
3303 0.341928 0.678387
3304 0.731968 0.954650
3305 0.129892 0.991044
3306 0.803380 0.655946
3307 0.448946 0.641902
3308 0.617263 0.745122
3309 0.109419 0.723627
3310 0.311224 0.835711
3311 0.637795 0.591020
3312 0.197977 0.789944
3313 0.378909 0.689410
3314 0.554366 0.895141
3315 0.062208 0.614561
3316 0.360388 0.927948
3317 0.690072 0.666058
3318 0.166173 0.648024
3319 0.774910 0.975804
3320 0.473219 0.736479
3321 0.585178 0.634326
3322 0.092898 0.854379
3323 0.658390 0.815177
3324 0.246758 0.815684
3325 0.423908 0.708574
3326 0.501707 0.855984
3327 0.009429 0.634634
3328 0.319447 0.973804
3329 0.738977 0.648946
3330 0.152577 0.665721
3331 0.796472 0.928525
3332 0.455597 0.759011
3333 0.594897 0.613733
3334 0.102741 0.894533
3335 0.288628 0.599717
3336 0.644674 0.788575
3337 0.206562 0.591788
3338 0.843926 0.834244
3339 0.403564 0.876437
3340 0.545489 0.724026
3341 0.037647 0.746341
3342 0.351769 0.655657
3343 0.714467 0.991794
3344 0.174889 0.952652
3345 0.750723 0.679359
3346 0.497729 0.625292
3347 0.019255 0.546601
3348 0.576201 0.775049
3349 0.068481 0.697297
3350 0.258443 0.800331
3351 0.682672 0.605443
3352 0.228005 0.728637
3353 0.838690 0.869975
3354 0.413822 0.843930
3355 0.519941 0.586605
3356 0.027785 0.978017
3357 0.330845 0.637284
3358 0.720102 0.750832
3359 0.134678 0.784111
3360 0.806894 0.619961
3361 0.444656 0.683285
3362 0.614230 0.944791
3363 0.121952 0.602513
3364 0.299172 0.897852
3365 0.626897 0.704275
3366 0.193669 0.845708
3367 0.557864 0.821053
3368 0.050144 0.652652
3369 0.372933 0.743650
3370 0.701452 0.628678
3371 0.162850 0.610726
3372 0.770910 0.764343
3373 0.477023 0.916212
3374 0.589674 0.672080
3375 0.081832 0.797964
3376 0.278752 0.693781
3377 0.670755 0.887600
3378 0.240654 0.642876
3379 0.818141 0.749644
3380 0.430508 0.999754
3381 0.511217 0.657263
3382 0.003312 0.829350
3383 0.326046 0.722215
3384 0.748496 0.870514
3385 0.147456 0.914964
3386 0.786459 0.699696
3387 0.461198 0.606977
3388 0.605405 0.805799
3389 0.097622 0.676971
3390 0.294242 0.770677
3391 0.655177 0.624116
3392 0.212184 0.731538
3393 0.398423 0.646893
3394 0.535490 0.967841
3395 0.043271 0.582442
3396 0.346641 0.860848
3397 0.704462 0.711177
3398 0.181480 0.687950
3399 0.760249 0.888135
3400 0.491635 0.784938
3401 0.567155 0.598122
3402 0.075058 0.935291
3403 0.252346 0.615856
3404 0.673636 0.763092
3405 0.222389 0.959717
3406 0.418957 0.627480
3407 0.529939 0.739612
3408 0.022156 0.718431
3409 0.755596 0.564500
3410 0.335979 0.826824
3411 0.730109 0.579734
3412 0.128093 0.592832
3413 0.797369 0.793500
3414 0.450746 0.881508
3415 0.623274 0.692106
3416 0.115368 0.767794
3417 0.305274 0.673778
3418 0.635935 0.923019
3419 0.199779 0.663456
3420 0.377106 0.754839
3421 0.548353 0.639582
3422 0.056256 0.863938
3423 0.691935 0.839749
3424 0.736031 0.557108
3425 0.167976 0.811046
3426 0.780925 0.603611
3427 0.471417 0.706858
3428 0.579164 0.903224
3429 0.086945 0.618359
3430 0.273143 0.939157
3431 0.660254 0.680999
