0 0.674740 1.023498
1 0.343516 4.436577
2 0.465707 0.703610
3 0.838674 1.912556
4 0.548643 0.465161
5 0.179568 0.784575
6 0.241690 0.554597
7 0.610667 2.822617
8 0.775698 0.439112
9 0.402830 1.301407
10 0.280639 0.504673
11 0.736763 0.663358
12 0.113637 1.542279
13 0.091814 0.670198
14 0.711103 1.690829
15 0.301783 0.955116
16 0.796910 1.331069
17 0.588912 0.559886
18 0.215961 3.382542
19 0.154030 0.485585
20 0.526943 0.875299
21 0.490948 2.312962
22 0.364851 0.630251
23 0.029882 1.182792
24 0.001275 0.604080
25 0.632207 4.895334
26 0.353808 1.093704
27 0.504158 0.735779
28 0.127376 1.990493
29 0.567249 1.204197
30 0.796746 0.536090
31 0.415959 2.667141
32 0.291816 0.636906
33 0.695299 0.499323
34 0.064283 0.888797
35 0.105019 0.522811
36 0.732075 1.006478
37 0.250522 1.725572
38 0.378572 0.576958
39 0.755399 3.516441
40 0.607932 0.453042
41 0.227213 1.431943
42 0.164274 0.745093
43 0.545016 2.253719
44 0.440634 0.836623
45 0.669160 0.609732
46 0.042080 6.789814
47 0.036946 0.721650
48 0.660134 2.061703
49 0.326995 0.808641
50 0.824067 1.062774
51 0.532084 0.595349
52 0.163046 5.283884
53 0.225008 0.495606
54 0.594023 0.908397
55 0.761007 0.647886
56 0.388102 1.456117
57 0.263958 0.543160
58 0.883201 2.564393
59 0.722073 0.431944
60 0.098908 1.244058
61 0.077214 0.458084
62 0.696527 1.401744
63 0.285231 3.879083
64 0.413281 0.687929
65 0.782334 1.801064
66 0.572383 0.530180
67 0.199409 0.989214
68 0.137378 0.616248
69 0.510269 5.751565
70 0.476250 1.131193
71 0.634413 0.753540
72 0.015184 2.136740
73 0.015974 0.461435
74 0.646928 0.801301
75 0.370459 1.859128
76 0.492649 0.591158
77 0.873376 4.119366
78 0.144027 1.049574
79 0.206936 0.652845
80 0.583778 1.578871
81 0.430558 0.918362
82 0.709875 0.546533
83 0.078882 2.968034
84 0.119748 0.564640
85 0.746765 3.125674
86 0.267203 1.362509
87 0.393300 0.513118
88 0.770090 0.969036
89 0.624575 0.678076
90 0.243895 1.618081
91 0.561575 1.159029
92 0.455202 8.988194
93 0.329105 0.765452
94 0.683766 0.491382
95 0.056649 0.863926
96 0.062358 0.533386
97 0.681602 2.733462
98 0.332856 1.190353
99 0.460910 0.501747
100 0.829924 0.881836
101 0.557455 0.633244
102 0.184548 1.515234
103 0.619417 1.082420
104 0.766886 0.600603
105 0.397849 5.119233
106 0.269795 0.730964
107 0.892983 2.029282
108 0.743565 0.471757
109 0.124298 0.818751
110 0.083124 0.485042
111 0.706244 0.829930
112 0.310655 2.300606
113 0.434803 0.606382
114 0.807693 7.253889
115 0.209221 1.101451
116 0.147106 0.690531
117 0.516160 1.752536
118 0.497688 0.996968
119 0.644214 0.574011
120 0.021010 3.638619
121 0.010089 0.440975
122 0.637190 1.286628
123 0.345056 2.899747
124 0.471156 0.659244
125 0.847999 1.564096
126 0.514996 0.506936
127 0.134232 0.932896
128 0.197179 0.579006
129 0.577904 4.632868
130 0.409103 1.014168
131 0.700098 0.698904
132 0.073035 1.945741
133 0.094303 0.770320
134 0.725341 2.364599
135 0.261299 0.868548
136 0.764273 1.169435
137 0.599240 0.626516
138 0.222353 7.907951
139 0.159353 0.522177
140 0.536142 0.946969
141 0.445494 1.718740
142 0.323300 0.556897
143 0.662242 0.452570
144 0.031303 1.314395
145 0.045715 0.511431
146 0.664920 0.910318
147 0.318165 1.601786
148 0.444266 0.543846
149 0.813243 3.053255
150 0.169859 1.247634
151 0.231882 0.710975
152 0.604848 1.890401
153 0.750365 0.463357
154 0.381289 0.795250
155 0.727043 0.588059
156 0.107738 4.288366
157 0.066451 0.620674
158 0.689593 9.786843
159 0.295934 1.146175
160 0.791042 0.857361
161 0.563492 0.760159
162 0.194501 2.523361
163 0.501561 1.345073
164 0.481159 3.215658
165 0.358964 0.673992
166 0.627661 0.515640
167 0.004481 0.960634
168 0.026617 0.644089
169 0.653743 1.476455
170 0.359632 0.901143
171 0.864551 1.229262
172 0.529595 0.540388
173 0.148808 2.625529
174 0.592602 0.802783
175 0.802558 0.717027
176 0.425777 2.103272
177 0.297724 0.591964
178 0.928655 5.546281
179 0.716750 0.416794
180 0.089709 1.052138
181 0.741863 1.119988
182 0.275906 6.080489
183 0.400054 0.748227
184 0.780794 2.178931
185 0.613809 0.478863
186 0.236959 0.842060
187 0.174043 0.568348
188 0.550871 4.028604
189 0.462138 1.384337
190 0.337991 0.532719
191 0.678924 0.683439
192 0.047946 1.830403
193 0.049831 0.682522
194 0.676918 1.808690
195 0.335953 0.977984
196 0.840864 1.379473
197 0.552771 0.567481
198 0.172021 3.913799
199 0.615800 0.843945
200 0.778895 0.749635
201 0.402075 2.213509
202 0.274022 0.613613
203 0.904991 6.340153
204 0.739948 0.420744
205 0.112899 1.122414
206 0.718680 1.060142
207 0.299562 5.629292
208 0.423710 0.720434
209 0.804504 2.111871
210 0.590627 0.475598
211 0.213753 0.807152
212 0.150875 0.538437
213 0.527650 2.611024
214 0.485832 1.219428
215 0.655703 0.641141
216 0.024779 1.470918
217 0.006381 0.517430
218 0.625639 0.962591
219 0.356973 1.661488
220 0.483074 0.562446
221 0.852074 3.292779
222 0.130525 1.349701
223 0.192586 0.758709
224 0.565529 2.478482
225 0.789157 0.491947
226 0.420135 0.855411
227 0.687723 0.619874
228 0.068442 9.181023
229 0.105762 0.585539
230 0.728897 4.240144
231 0.257134 1.032089
232 0.752204 0.791013
233 0.602796 0.707657
234 0.233812 1.883532
235 0.540887 1.257927
236 0.442335 3.073088
237 0.320141 0.651871
238 0.666988 0.512136
239 0.043769 0.916391
240 0.033279 0.451194
241 0.660388 1.310808
242 0.321354 3.409486
243 0.447455 0.665024
244 0.824336 1.697379
245 0.538194 0.520228
246 0.157423 0.944719
247 0.220392 0.627519
248 0.601079 8.381006
249 0.762221 0.427242
250 0.385424 1.173129
251 0.723273 0.771579
252 0.096248 2.402687
253 0.071135 0.702478
254 0.702120 1.955980
255 0.284994 0.783137
256 0.787945 1.021108
257 0.576020 0.581212
258 0.199185 4.675489
259 0.136147 0.506440
260 0.512959 0.927194
261 0.469150 1.559036
262 0.346955 0.549649
263 0.639059 0.440459
264 0.008097 1.274632
265 0.023062 0.574648
266 0.642283 3.728044
267 0.371702 1.417904
268 0.499756 0.527261
269 0.518136 0.691799
270 0.145253 1.775295
271 0.580136 1.098196
272 0.805717 0.605448
273 0.436656 6.896913
274 0.308603 0.738754
275 0.704283 0.483505
276 0.084963 0.828576
277 0.122413 0.471190
278 0.745571 0.813994
279 0.271832 2.018253
280 0.395980 0.598244
281 0.768877 5.068123
282 0.248510 1.074621
283 0.186418 0.635958
284 0.555463 1.520029
285 0.458888 0.886997
286 0.683517 0.535434
287 0.060321 2.752389
288 0.054795 0.489803
289 0.685742 0.862456
290 0.331172 2.424462
291 0.453363 0.623341
292 0.834051 8.446087
293 0.182849 1.155418
294 0.245734 0.679301
295 0.622614 1.637472
296 0.772020 0.515015
297 0.391248 0.971401
298 0.748711 0.565258
299 0.117680 3.191471
300 0.080904 0.548684
301 0.707975 2.990311
302 0.306498 1.273308
303 0.432595 0.509634
304 0.809407 0.923956
305 0.585784 0.655729
306 0.205051 1.584064
307 0.522746 1.042244
308 0.494534 4.086263
309 0.368437 0.712124
310 0.644937 0.460894
311 0.017843 0.796746
312 0.013254 0.754742
313 0.636465 2.167777
314 0.350161 0.850358
315 0.847287 1.134645
316 0.508415 0.617216
317 0.139354 5.997666
318 0.201354 0.528172
319 0.570316 0.986764
320 0.784187 0.686675
321 0.411305 1.777640
322 0.287162 0.570614
323 0.906382 3.782343
324 0.698366 0.456674
325 0.075254 1.397677
326 0.720189 1.232834
327 0.262043 2.547978
328 0.390093 0.645067
329 0.759138 1.451723
330 0.596045 0.495130
331 0.223109 0.902987
332 0.161055 0.597683
333 0.533953 5.339558
334 0.453039 1.070405
335 0.658097 0.725463
336 0.038861 2.073227
337 0.040074 0.608962
338 0.671044 6.492731
339 0.314499 1.109879
340 0.819353 0.834769
341 0.542994 0.743703
342 0.166174 2.217867
343 0.606063 1.437178
344 0.757421 0.577855
345 0.376672 3.608799
346 0.252529 0.696075
347 0.879615 1.745314
348 0.734112 0.524650
349 0.103104 1.008620
350 0.066213 0.499996
351 0.693247 0.894589
352 0.289855 1.499579
353 0.417905 0.538024
354 0.794678 2.682286
355 0.188407 1.213788
356 0.125430 0.732224
357 0.506225 1.982856
358 0.479928 0.820274
359 0.630369 0.601420
360 0.003236 4.832463
361 0.027861 0.425506
362 0.651033 1.185506
363 0.366720 7.763256
364 0.488911 0.777262
365 0.861855 2.351993
366 0.524936 0.487317
367 0.155914 0.877340
368 0.217998 0.559042
369 0.586997 3.301199
370 0.425995 1.326566
371 0.303805 0.517792
372 0.713094 0.669314
373 0.089944 1.672275
374 0.115491 0.660232
375 0.734787 1.536252
376 0.278572 0.934955
377 0.773737 1.290399
378 0.612597 0.552543
379 0.239638 2.805903
380 0.550604 0.788745
381 0.467759 1.919652
382 0.341662 0.584493
383 0.053582 1.031067
384 0.053911 0.583235
385 0.672957 4.377333
386 0.340051 1.025151
387 0.837135 0.786635
388 0.549054 0.703959
389 0.175858 1.907853
390 0.611962 1.300212
391 0.775043 0.553573
392 0.405807 2.854193
393 0.277998 0.662665
394 0.735865 0.505451
395 0.116858 0.938160
396 0.091739 0.519322
397 0.714721 0.956569
398 0.303658 1.682197
399 0.427561 0.560113
400 0.800772 3.367628
401 0.217591 1.336971
402 0.154592 0.773755
403 0.523813 2.334010
404 0.489562 0.874743
405 0.651623 0.629620
406 0.028739 7.432948
407 0.002666 0.412783
408 0.629478 1.089380
409 0.353241 4.919343
410 0.479097 0.733974
411 0.856169 2.006126
412 0.126566 0.824352
413 0.188505 0.536295
414 0.569490 2.658036
415 0.416037 1.209062
416 0.290181 0.499075
417 0.691440 0.638381
418 0.064606 1.487098
419 0.102046 0.694353
420 0.732733 1.728593
421 0.253404 1.002831
422 0.756302 1.430446
423 0.606876 0.575855
424 0.229851 3.565271
425 0.167737 0.482064
426 0.544846 0.838954
427 0.819271 0.745499
428 0.438239 2.247113
429 0.316289 0.611078
430 0.943170 6.652943
431 0.670702 0.421994
432 0.039931 1.114242
433 0.037238 0.472761
434 0.656305 0.809682
435 0.325330 2.048874
436 0.451186 0.595604
437 0.820484 5.248018
438 0.161137 1.066552
439 0.224229 0.646490
440 0.597363 1.464446
441 0.758491 0.495924
442 0.389278 0.907804
443 0.719313 0.542691
444 0.100329 2.571025
445 0.075096 0.572422
446 0.698039 3.834147
447 0.288967 1.404904
448 0.410917 0.529090
449 0.784091 0.992466
450 0.572183 0.688279
451 0.202902 1.796812
452 0.509244 1.130247
453 0.473002 5.883035
454 0.351052 0.752630
455 0.635101 0.477536
456 0.012180 0.846349
457 0.019225 0.715024
458 0.646000 1.862628
459 0.367848 0.798986
460 0.522096 0.589997
461 0.141172 4.186811
462 0.203195 0.508121
463 0.584219 0.921177
464 0.809813 0.653150
465 0.432681 1.575642
466 0.304871 0.547615
467 0.708122 0.441831
468 0.081249 1.264082
469 0.749285 1.355859
470 0.267980 3.135735
471 0.391884 0.676558
472 0.772853 1.628332
473 0.621476 0.513466
474 0.244427 0.968346
475 0.182457 0.624619
476 0.559545 8.882965
477 0.454914 1.163489
478 0.687354 0.767567
479 0.056605 2.446299
480 0.681646 1.195907
481 0.335131 2.728064
482 0.457077 0.634462
483 0.830212 1.507000
484 0.555793 0.501346
485 0.186580 0.882629
486 0.249588 0.600235
487 0.618884 5.161333
488 0.768304 0.414423
489 0.395085 1.078878
490 0.744737 0.728885
491 0.121778 2.043042
492 0.084878 0.740616
493 0.703877 2.296863
494 0.310458 0.832637
495 0.805570 1.102664
496 0.581930 0.607507
497 0.208781 7.067963
498 0.145842 0.526277
499 0.519015 0.993943
500 0.498372 1.757380
501 0.372520 0.572723
502 0.640961 0.455147
503 0.021939 1.411168
504 0.009399 0.550640
505 0.640195 2.927960
506 0.346325 1.284476
507 0.470224 0.507865
508 0.512389 0.658804
509 0.135256 1.568014
510 0.574412 1.015213
511 0.788270 0.580023
512 0.407347 4.556641
513 0.283447 0.699541
514 0.702218 0.466386
515 0.071522 0.781156
516 0.097062 0.488047
517 0.723921 0.867579
518 0.258204 2.383417
519 0.386010 0.626125
520 0.763096 8.007833
521 0.219012 1.165281
522 0.157081 0.667556
523 0.538051 1.708080
524 0.449079 0.947862
525 0.661951 0.557296
526 0.035131 3.479313
527 0.044172 0.649407
528 0.667070 1.599896
529 0.318579 0.913551
530 0.815636 1.249230
531 0.539264 0.544740
532 0.170028 3.020047
533 0.602211 0.793345
534 0.753582 0.710458
535 0.380387 1.896161
536 0.256488 0.586717
537 0.875533 4.350198
538 0.730017 0.407916
539 0.107080 1.038367
540 0.689271 1.151326
541 0.293937 9.718188
542 0.421743 0.761919
543 0.790963 2.500508
544 0.565371 0.493339
545 0.192259 0.858100
546 0.129160 0.561279
547 0.502372 3.232146
548 0.483644 1.339596
549 0.355839 0.515832
550 0.626271 0.672224
551 0.007210 1.652617
552 0.024128 0.498171
553 0.654884 0.900076
554 0.363006 1.483704
555 0.484952 0.540088
556 0.865938 2.636619
557 0.151938 1.224711
558 0.213901 0.718585
559 0.590971 2.087478
560 0.421914 0.803446
561 0.716824 0.592426
562 0.086091 5.523811
563 0.111761 0.611368
564 0.738641 6.205976
565 0.274855 1.118360
566 0.777817 0.839908
567 0.616695 0.747663
568 0.235664 2.186467
569 0.554580 1.386272
570 0.463677 3.970737
571 0.337824 0.684047
572 0.676526 0.531777
573 0.049730 0.983778
574 0.047800 0.531026
575 0.678579 0.976744
576 0.339785 1.819643
577 0.461731 0.567156
578 0.842771 3.938219
579 0.175609 1.373709
580 0.237610 0.751348
581 0.614627 2.195937
582 0.779671 0.480181
583 0.398731 0.844665
584 0.740480 0.614102
585 0.109800 6.311546
586 0.088097 0.593168
587 0.714940 5.736092
588 0.298053 1.058662
589 0.801008 0.805185
590 0.592993 0.719902
591 0.212001 2.119032
592 0.530901 1.220956
593 0.486852 2.586715
594 0.360999 0.641683
595 0.652847 0.496505
596 0.026044 0.898396
597 0.005356 0.675479
598 0.628247 1.659503
599 0.357906 0.966224
600 0.854924 1.351536
601 0.500441 0.563409
602 0.131213 3.253993
603 0.194098 0.492825
604 0.563410 0.853195
605 0.792894 0.758131
606 0.419691 2.488278
607 0.295791 0.618377
608 0.914844 9.470749
609 0.691216 0.429710
610 0.068241 1.141948
611 0.728117 1.036245
612 0.254619 4.226880
613 0.382424 0.709174
614 0.751667 1.870832
615 0.604217 0.462568
616 0.231052 0.791653
617 0.167991 0.545530
618 0.541179 3.088314
619 0.444363 1.253165
620 0.316557 0.512330
621 0.665079 0.650224
622 0.046041 1.616961
623 0.033109 0.555089
624 0.663851 3.448778
625 0.323142 1.308605
626 0.447041 0.521212
627 0.828042 0.942008
628 0.536045 0.664583
629 0.158965 1.701943
630 0.598106 1.174502
631 0.765102 0.628720
632 0.384125 8.133657
633 0.260226 0.772344
634 0.887053 2.398593
635 0.725912 0.488645
636 0.095193 0.873010
637 0.073376 0.467826
638 0.700242 0.782337
639 0.281379 1.968769
640 0.409185 0.580870
641 0.786310 4.710629
642 0.195326 1.017958
643 0.133417 0.657637
644 0.514350 1.550303
645 0.472276 0.928065
646 0.638249 0.550043
647 0.011467 2.872759
648 0.019933 0.455705
649 0.642846 1.425828
650 0.374435 3.718253
651 0.496381 0.693262
652 0.869524 1.763946
653 0.516993 0.526823
654 0.147742 1.000469
655 0.210772 0.605081
656 0.580061 6.972648
657 0.434411 1.094530
658 0.705914 0.736622
659 0.082963 2.282932
660 0.123709 0.727784
661 0.742685 2.015299
662 0.271178 0.816586
663 0.766236 1.075798
664 0.620738 0.599333
665 0.247612 4.977102
666 0.184635 0.503146
667 0.557861 0.884616
668 0.459053 1.523713
669 0.333200 0.534319
670 0.679807 0.437538
671 0.060732 1.198934
672 0.058505 0.763281
673 0.685332 2.430522
674 0.329019 0.859789
675 0.833885 1.154441
676 0.561429 0.622057
677 0.180451 8.733190
678 0.242512 0.513985
679 0.623513 0.974534
680 0.770969 0.679639
681 0.393890 1.633951
682 0.266081 0.566410
683 0.896821 3.160969
684 0.747416 0.446528
685 0.120565 1.369376
686 0.709976 1.267470
687 0.306817 2.999351
688 0.430720 0.654303
689 0.811652 1.593931
690 0.582166 0.509972
691 0.205125 0.923344
692 0.143132 0.589124
693 0.520258 4.064666
694 0.493727 1.045869
695 0.648067 0.713963
696 0.017280 1.839521
697 0.014065 0.478109
698 0.633094 0.851521
699 0.349015 2.153683
700 0.474871 0.617497
701 0.844161 5.950863
702 0.137964 1.138928
703 0.201032 0.685116
704 0.574174 1.790012
705 0.782191 0.528539
706 0.412939 0.986046
707 0.696124 0.570091
708 0.077133 3.797050
709 0.098277 0.542113
710 0.721243 2.528400
711 0.265260 1.235250
712 0.760437 0.905711
713 0.595387 0.645368
714 0.226083 1.448999
715 0.532410 1.069578
716 0.449332 5.453232
717 0.327382 0.724629
718 0.658266 0.474239
719 0.035399 0.810949
720 0.668772 1.105449
721 0.314451 6.535798
722 0.440307 0.741870
723 0.817325 2.237203
724 0.546822 0.481572
725 0.165883 0.834261
726 0.227784 0.578099
727 0.608822 3.591916
728 0.754326 0.453708
729 0.377208 1.444075
730 0.251351 0.524370
731 0.730772 0.697829
732 0.103884 1.736138
733 0.062721 0.639170
734 0.693446 1.501818
735 0.292218 0.891692
736 0.795123 1.212739
737 0.567590 0.537059
738 0.190527 2.710734
739 0.505536 0.822527
740 0.477076 1.977810
741 0.355125 0.602737
742 0.000629 1.087049
743 0.030715 0.632518
744 0.649769 7.584705
745 0.363713 1.187749
746 0.491523 0.486393
747 0.525865 0.777700
748 0.152662 2.344787
749 0.588751 1.325292
750 0.798719 0.558007
751 0.429492 3.344272
752 0.301682 0.668601
753 0.712654 0.518606
754 0.093684 0.949923
755 0.114958 0.503735
756 0.737887 0.936332
757 0.279989 1.529081
758 0.403892 0.552760
759 0.777080 2.795777
760 0.240811 1.295975
761 0.177773 0.705226
762 0.547017 1.934197
763 0.465854 0.788305
764 0.674826 0.583956
765 0.051920 4.509700
766 0.052341 0.704955
767 0.675506 1.906600
768 0.342385 0.786488
769 0.839438 1.025434
770 0.547452 0.582566
771 0.178438 4.383205
772 0.240377 0.505050
773 0.609415 0.938843
774 0.776400 0.662087
775 0.403471 1.546950
776 0.279324 0.553989
777 0.898591 2.846110
778 0.737468 0.439657
779 0.114281 1.298959
780 0.712355 1.334427
781 0.301141 3.351123
782 0.429195 0.671439
783 0.798164 1.686455
784 0.588207 0.519083
785 0.215317 0.957845
786 0.153203 0.629540
787 0.526177 7.553735
788 0.492080 1.180405
789 0.650324 0.773852
790 0.031012 2.322556
791 0.000086 0.470248
792 0.631079 0.823725
793 0.354570 2.002855
794 0.476764 0.602959
795 0.857528 4.939954
796 0.128136 1.090431
797 0.191082 0.637506
798 0.567887 1.487536
799 0.414711 0.890346
800 0.693988 0.536904
801 0.063032 2.656880
802 0.104320 0.575968
803 0.731437 3.539973
804 0.251771 1.426283
805 0.377871 0.523566
806 0.754759 1.004927
807 0.609243 0.694204
808 0.228463 1.734501
809 0.546144 1.116199
810 0.439872 6.711894
811 0.313771 0.746051
812 0.668339 0.482236
813 0.041320 0.837875
814 0.035697 0.414721
815 0.658824 1.064929
816 0.327695 5.207987
817 0.449889 0.723097
818 0.822756 2.055185
819 0.532724 0.472564
820 0.163747 0.810594
821 0.225770 0.542633
822 0.594847 2.585310
823 0.759878 0.432441
824 0.386912 1.241397
825 0.264718 0.496026
826 0.720947 0.646558
827 0.097721 1.459924
828 0.076452 0.689230
829 0.695704 1.795708
830 0.286420 0.992235
831 0.781512 1.405442
832 0.573510 0.571777
833 0.200596 3.838685
834 0.138626 0.477177
835 0.511578 0.846906
836 0.475552 2.145820
837 0.349451 0.615505
838 0.014483 1.129303
839 0.016616 0.590117
840 0.647631 4.151926
841 0.369145 1.046544
842 0.519577 0.714868
843 0.142712 1.869482
844 0.582585 1.266597
845 0.431385 2.952928
846 0.307237 0.653575
847 0.710638 0.508313
848 0.079707 0.919874
849 0.120880 0.513842
850 0.747958 0.967484
851 0.266377 1.626182
852 0.394430 0.563653
853 0.771281 3.144119
854 0.623811 0.445715
855 0.243070 1.357491
856 0.180155 0.766302
857 0.560872 2.447496
858 0.456515 0.865407
859 0.685020 0.625445
860 0.057964 8.870238
861 0.061043 0.500952
862 0.680348 0.883234
863 0.333499 1.509175
864 0.459596 0.534144
865 0.828672 2.720680
866 0.185190 1.194847
867 0.247313 0.729953
868 0.620181 2.041605
869 0.765695 0.472374
870 0.396719 0.817718
871 0.742371 0.599527
872 0.123165 5.169499
873 0.082299 0.607433
874 0.705480 7.177096
875 0.311785 1.104977
876 0.806927 0.831299
877 0.579383 0.740704
878 0.210353 2.285770
879 0.517414 1.408334
880 0.497044 3.663576
881 0.374854 0.689650
882 0.643511 0.526032
883 0.020368 0.995320
884 0.010789 0.657872
885 0.637830 1.568500
886 0.343806 0.930595
887 0.848637 1.283789
888 0.513686 0.551282
889 0.132984 2.926557
890 0.576778 0.780593
891 0.786729 0.700259
892 0.409863 1.939917
893 0.281813 0.579519
894 0.912829 4.574318
895 0.700921 0.409808
896 0.073797 1.016125
897 0.726467 1.167421
898 0.260539 8.093390
899 0.384683 0.768591
900 0.765401 2.375750
901 0.598417 0.488223
902 0.221591 0.866425
903 0.158652 0.557402
904 0.535502 3.455215
905 0.446744 1.317637
906 0.322601 0.521673
907 0.663552 0.667419
908 0.032552 1.713848
909 0.046475 0.544681
910 0.665741 3.039776
911 0.316978 1.252196
912 0.445027 0.510675
913 0.814066 0.911939
914 0.541598 0.649476
915 0.168669 1.594500
916 0.603537 1.036829
917 0.751005 0.586997
918 0.381990 4.322654
919 0.253940 0.710030
920 0.877106 1.901564
921 0.727680 0.463942
922 0.108437 0.794221
923 0.067701 0.492956
924 0.690904 0.858673
925 0.295233 2.506517
926 0.419376 0.621697
927 0.792351 9.625333
928 0.193801 1.150346
929 0.131771 0.673131
930 0.500739 1.651683
931 0.482346 0.959225
932 0.628789 0.560658
933 0.005671 3.235370
934 0.025487 0.434139
935 0.652551 1.227071
936 0.360457 2.645813
937 0.486554 0.642889
938 0.863358 1.480725
939 0.530361 0.498355
940 0.149634 0.898832
941 0.212543 0.592547
942 0.593307 5.463253
943 0.424462 1.054189
944 0.715498 0.718427
945 0.088396 2.096090
946 0.110218 0.746462
947 0.741158 2.187423
948 0.277221 0.840176
949 0.780091 1.117842
950 0.615061 0.612159
951 0.238272 6.199764
952 0.175173 0.532181
953 0.552062 0.982888
954 0.461313 1.825293
955 0.339123 0.568847
956 0.678159 0.459452
957 0.047119 1.387978
958 0.049187 0.458885
959 0.676213 1.374082
960 0.337269 3.944095
961 0.463366 0.681603
962 0.840162 1.818264
963 0.554023 0.531623
964 0.173334 0.976588
965 0.236220 0.614642
966 0.616992 6.275006
967 0.401250 1.126328
968 0.739182 0.750565
969 0.112072 2.200210
970 0.086526 0.719499
971 0.717489 2.126119
972 0.300387 0.806042
973 0.803311 1.057147
974 0.591392 0.593429
975 0.214580 5.686038
976 0.151519 0.496589
977 0.528354 0.896781
978 0.484517 1.464936
979 0.362326 0.539237
980 0.654451 0.432879
981 0.023465 1.223900
982 0.007631 0.562910
983 0.626951 3.262228
984 0.356272 1.353286
985 0.484322 0.516901
986 0.853383 0.965296
987 0.502807 0.676181
988 0.129825 1.657462
989 0.564708 1.141499
990 0.790284 0.619159
991 0.421322 9.449624
992 0.293272 0.756939
993 0.916384 2.489950
994 0.688851 0.492347
995 0.069631 0.853418
996 0.729718 0.793003
997 0.255947 1.877500
998 0.380090 0.586132
999 0.753027 4.192637
1000 0.232623 1.033981
1001 0.170569 0.650614
1002 0.539576 1.613240
1003 0.443036 0.914066
1004 0.667626 0.545266
1005 0.044469 3.101652
1006 0.034467 0.664240
1007 0.661515 1.706505
1008 0.320594 0.943179
1009 0.825464 1.306286
1010 0.537371 0.555317
1011 0.156661 3.430593
1012 0.219691 0.488727
1013 0.600439 0.871483
1014 0.763532 0.772485
1015 0.386674 2.386896
1016 0.258624 0.628614
1017 0.889633 8.273407
1018 0.724583 0.426898
1019 0.097497 1.177224
1020 0.702760 1.018165
1021 0.283743 4.719088
1022 0.407887 0.701511
1023 0.788583 1.967164
1024 0.574710 0.468289
1025 0.197937 0.782238
1026 0.134960 0.550475
1027 0.511832 2.865183
1028 0.469910 1.279660
1029 0.345766 0.505647
1030 0.639882 0.657035
1031 0.008859 1.552437
1032 0.022237 0.526769
1033 0.641520 1.002625
1034 0.372832 1.769865
1035 0.498929 0.575212
1036 0.867951 3.691700
1037 0.146385 1.421541
1038 0.208469 0.737123
1039 0.581390 2.275511
1040 0.436013 0.826690
1041 0.703580 0.604758
1042 0.084321 7.040899
1043 0.121098 0.598768
1044 0.744317 4.996452
1045 0.272476 1.076908
1046 0.767625 0.815925
1047 0.618220 0.728598
1048 0.249152 2.012299
1049 0.556227 1.198442
1050 0.457758 2.775942
1051 0.335567 0.634709
1052 0.682324 0.502648
1053 0.059189 0.884858
1054 0.055927 0.622611
1055 0.686935 8.663382
1056 0.330345 1.153357
1057 0.454493 0.490169
1058 0.835242 0.860416
1059 0.558881 0.762472
1060 0.182024 2.435757
1061 0.621911 1.369747
1062 0.773272 0.565802
1063 0.392561 3.164754
1064 0.268414 0.680534
1065 0.749965 0.514544
1066 0.118995 0.974379
1067 0.081546 0.510061
1068 0.708678 0.921639
1069 0.305185 1.588763
1070 0.433238 0.548126
1071 0.810112 3.018171
1072 0.203736 1.270644
1073 0.140858 0.713567
1074 0.521553 1.844860
1075 0.495360 0.798593
1076 0.645701 0.589381
1077 0.018668 4.039467
1078 0.012492 0.418834
1079 0.635642 1.138481
1080 0.351351 5.942517
1081 0.473545 0.755611
1082 0.846466 2.154936
1083 0.509541 0.477660
1084 0.140541 0.851743
1085 0.202603 0.569581
1086 0.571625 3.808269
1087 0.783549 0.457029
1088 0.410606 1.392528
1089 0.288412 0.528918
1090 0.697726 0.685838
1091 0.074553 1.787637
1092 0.099666 0.645751
1093 0.718880 1.446010
1094 0.262742 0.904513
1095 0.757826 1.237544
1096 0.596685 0.541852
1097 0.223810 2.537333
1098 0.534776 0.812366
1099 0.820917 0.724429
1100 0.451850 2.085777
1101 0.325749 0.596643
1102 0.948967 5.396372
1103 0.037673 1.067167
1104 0.039375 0.481652
1105 0.670406 0.832867
1106 0.315747 2.227024
1107 0.437941 0.608271
1108 0.818713 6.625733
1109 0.167425 1.107860
1110 0.230394 0.697452
1111 0.607191 1.740886
1112 0.756598 0.524107
1113 0.375910 1.011595
1114 0.880741 1.441253
1115 0.733291 0.578347
1116 0.102344 3.572195
1117 0.065024 0.537471
1118 0.692119 2.703988
1119 0.290617 1.211546
1120 0.416717 0.500383
1121 0.793552 0.892369
1122 0.569924 0.638601
1123 0.189167 1.503821
1124 0.506863 1.087285
1125 0.478679 4.770954
1126 0.352579 0.733645
1127 0.629058 0.468795
1128 0.001986 0.822417
1129 0.029174 0.778258
1130 0.652285 2.336958
1131 0.366079 0.878769
1132 0.863110 1.189867
1133 0.524231 0.632164
1134 0.155270 7.665527
1135 0.217171 0.518553
1136 0.586231 0.951866
1137 0.800109 0.668432
1138 0.427127 1.680469
1139 0.302979 0.558137
1140 0.922300 3.322775
1141 0.714285 0.449581
1142 0.091075 1.321588
1143 0.735553 1.295401
1144 0.277439 2.793951
1145 0.405493 0.660907
1146 0.774501 1.529718
1147 0.611406 0.503235
1148 0.238508 0.936602
1149 0.176416 0.583420
1150 0.549352 4.525579
1151 0.468401 1.028239
1152 0.673499 0.705990
1153 0.054225 1.931434
1154 0.053148 0.464977
1155 0.672132 0.785500
1156 0.341242 1.917663
1157 0.467095 0.582317
1158 0.836308 4.408678
1159 0.177051 1.021968
1160 0.240058 0.663540
1161 0.613277 1.537697
1162 0.774399 0.504714
1163 0.405103 0.939492
1164 0.735224 0.554480
1165 0.116155 2.837822
1166 0.090485 0.559235
1167 0.713406 3.385633
1168 0.304363 1.331612
1169 0.426309 0.520138
1170 0.799459 0.954802
1171 0.587554 0.671117
1172 0.218294 1.690155
1173 0.524638 1.181402
1174 0.488371 7.337021
1175 0.366424 0.774802
1176 0.650491 0.485275
1177 0.027546 0.876032
1178 0.003792 0.735631
1179 0.630665 1.998764
1180 0.352420 0.826178
1181 0.857359 1.091311
1182 0.506765 0.604165
1183 0.125742 4.846916
1184 0.187865 0.499571
1185 0.568789 0.887728
1186 0.794382 0.637206
1187 0.417348 1.490448
1188 0.289543 0.535867
1189 0.920238 2.678379
1190 0.692688 0.435025
1191 0.065915 1.206115
1192 0.733434 1.433684
1193 0.252092 3.527410
1194 0.375992 0.695814
1195 0.757001 1.722829
1196 0.605628 0.523212
1197 0.228542 1.005654
1198 0.166611 0.610452
1199 0.543659 6.770658
1200 0.439061 1.112063
1201 0.671464 0.744042
1202 0.040754 2.255642
1203 0.038549 0.594613
1204 0.657556 5.291494
1205 0.324690 1.063123
1206 0.821732 0.808418
1207 0.533656 0.722715
1208 0.160499 2.060710
1209 0.596603 1.242524
1210 0.759679 0.543613
1211 0.390404 2.559538
1212 0.262598 0.647226
1213 0.720502 0.495282
1214 0.101457 0.909189
1215 0.075917 0.529942
1216 0.698799 0.990683
1217 0.287841 1.805585
1218 0.411741 0.571545
1219 0.784853 3.857707
1220 0.570993 0.458255
1221 0.201773 1.398872
1222 0.138675 0.753777
1223 0.507994 2.127945
1224 0.473642 0.847416
1225 0.635800 0.616104
1226 0.012818 5.814981
1227 0.018520 0.405975
1228 0.645356 1.050511
1229 0.369102 4.134464
1230 0.494955 0.716567
1231 0.872049 1.855953
1232 0.142424 0.800780
1233 0.204386 0.547111
1234 0.585349 2.964387
1235 0.431917 1.261299
1236 0.306064 0.508576
1237 0.707295 0.652037
1238 0.080483 1.579820
1239 0.117383 0.677952
1240 0.748155 1.623537
1241 0.268744 0.970888
1242 0.771721 1.358793
1243 0.622303 0.564715
1244 0.245193 3.105842
1245 0.183162 0.491622
1246 0.560188 0.862915
1247 0.834607 0.765887
1248 0.453660 2.455239
1249 0.331714 0.624030
1250 0.958510 9.116913
1251 0.686041 0.428980
1252 0.055353 1.160802
1253 0.060023 0.633410
1254 0.682959 1.510810
1255 0.334428 0.880196
1256 0.831527 1.193409
1257 0.555149 0.533277
1258 0.185875 2.747721
1259 0.618058 0.819759
1260 0.769436 0.730490
1261 0.396278 2.035032
1262 0.272374 0.600935
1263 0.891382 5.082126
1264 0.745867 0.413943
1265 0.122970 1.080709
1266 0.704704 1.100245
1267 0.309265 7.215059
1268 0.437075 0.739049
1269 0.806395 2.304720
1270 0.580800 0.484733
1271 0.207590 0.830589
1272 0.144590 0.573328
1273 0.517701 3.642196
1274 0.499075 1.414356
1275 0.371266 0.525829
1276 0.641605 0.691506
1277 0.022644 1.751812
1278 0.008762 0.507191
1279 0.639496 0.931719
1280 0.347634 1.560350
1281 0.469584 0.551587
1282 0.850546 2.913034
1283 0.136567 1.288817
1284 0.198507 0.698772
1285 0.575601 1.953644
1286 0.406524 0.779982
1287 0.701458 0.579084
1288 0.070701 4.589478
1289 0.095934 0.627276
1290 0.722731 7.881975
1291 0.259027 1.169211
1292 0.761909 0.868697
1293 0.600781 0.769196
1294 0.219833 2.366716
1295 0.538751 1.315861
1296 0.447769 3.498756
1297 0.321913 0.666835
1298 0.660701 0.522577
1299 0.033820 0.946240
1300 0.043348 0.444187
1301 0.666308 1.246091
1302 0.319708 3.046375
1303 0.441658 0.648193
1304 0.814876 1.603785
1305 0.540452 0.511086
1306 0.171154 0.911113
1307 0.234246 0.587340
1308 0.603459 4.293377
1309 0.752883 0.407465
1310 0.379749 1.040116
1311 0.729316 0.712008
1312 0.106440 1.889566
1313 0.068999 0.760400
1314 0.688022 2.511103
1315 0.294575 0.855809
1316 0.789713 1.149005
1317 0.566072 0.620529
1318 0.192899 9.971884
1319 0.129983 0.515415
1320 0.503134 0.962019
1321 0.482516 1.647336
1322 0.356660 0.561886
1323 0.625084 0.447348
1324 0.006084 1.342428
1325 0.025322 0.540953
1326 0.656016 2.622676
1327 0.362240 1.229018
1328 0.486143 0.497456
1329 0.528207 0.643302
1330 0.151174 1.477285
1331 0.590329 1.053080
1332 0.804191 0.591477
1333 0.423167 5.573686
1334 0.299263 0.717761
1335 0.718139 0.475458
1336 0.087345 0.802260
1337 0.112464 0.479091
1338 0.739283 0.841100
1339 0.273603 2.171658
1340 0.401412 0.612541
1341 0.778461 6.139129
1342 0.234410 1.121644
1343 0.172440 0.683313
1344 0.553448 1.837387
1345 0.464442 0.981904
1346 0.677351 0.568424
1347 0.050494 3.995720
1348 0.048503 0.567801
1349 0.679221 3.893168
1350 0.338533 1.376559
1351 0.462436 0.530605
1352 0.843414 0.979491
1353 0.551411 0.682076
1354 0.174355 1.813019
1355 0.613495 1.125039
1356 0.780498 0.613497
1357 0.399497 6.420372
1358 0.275594 0.749828
1359 0.902445 2.203731
1360 0.741304 0.480601
1361 0.110564 0.842494
1362 0.089290 0.476036
1363 0.716071 0.806880
1364 0.297287 2.111141
1365 0.425097 0.593782
1366 0.802138 5.635563
1367 0.211237 1.060567
1368 0.149244 0.640525
1369 0.530259 1.472755
1370 0.488104 0.895976
1371 0.654163 0.538862
1372 0.027298 2.605485
1373 0.004047 0.448701
1374 0.626999 1.346190
1375 0.358544 3.270028
1376 0.480494 0.674799
1377 0.853674 1.667448
1378 0.501142 0.517328
1379 0.131852 0.964353
1380 0.194921 0.619548
1381 0.564172 9.309294
1382 0.418562 1.145461
1383 0.690029 0.759177
1384 0.067115 2.469531
1385 0.108279 0.708337
1386 0.727355 1.880009
1387 0.255747 0.790549
1388 0.750907 1.032916
1389 0.605405 0.585087
1390 0.232178 4.257410
1391 0.169300 0.511591
1392 0.542428 0.916618
1393 0.812930 0.651036
1394 0.443725 1.609140
1395 0.317869 0.546433
1396 0.664378 0.444711
1397 0.045401 1.257553
1398 0.031981 0.520752
1399 0.662661 0.944349
1400 0.323965 1.696914
1401 0.445915 0.555633
1402 0.826854 3.411811
1403 0.159787 1.311462
1404 0.221687 0.770686
1405 0.598805 2.407606
1406 0.763854 0.489111
1407 0.382816 0.870708
1408 0.724661 0.628095
1409 0.093882 8.324356
1410 0.072738 0.581549
1411 0.699543 4.646026
1412 0.282689 1.019508
1413 0.785609 0.784101
1414 0.577593 0.702007
1415 0.196637 1.961035
1416 0.515539 1.278015
1417 0.471453 2.895209
1418 0.345597 0.656478
1419 0.637489 0.506500
1420 0.010646 0.925441
1421 0.020698 0.692447
1422 0.643672 1.772173
1423 0.373242 0.998729
1424 0.870349 1.419470
1425 0.515863 0.574213
1426 0.146551 3.741418
1427 0.578748 0.828763
1428 0.808234 0.737680
1429 0.435114 2.267258
1430 0.311211 0.606184
1431 0.930180 6.880676
1432 0.706557 0.422958
1433 0.083667 1.097914
1434 0.743998 1.072392
1435 0.270475 5.014370
1436 0.398284 0.726987
1437 0.767551 2.027046
1438 0.620095 0.471106
1439 0.246907 0.815253
1440 0.183869 0.535191
1441 0.557034 2.763789
1442 0.460246 1.202826
1443 0.680937 0.636288
1444 0.061923 1.516652
1445 0.684202 1.158201
1446 0.329783 8.589040
1447 0.455636 0.764415
1448 0.832753 2.412736
1449 0.562256 0.489859
1450 0.181217 0.860941
1451 0.243217 0.565576
1452 0.624157 3.177738
1453 0.769653 0.446880
1454 0.392636 1.363518
1455 0.266783 0.514809
1456 0.746103 0.678859
1457 0.119313 1.641020
1458 0.078568 0.655086
1459 0.709332 1.586195
1460 0.308071 0.924712
1461 0.811010 1.271814
1462 0.583480 0.549125
1463 0.206377 2.983047
1464 0.521388 0.796482
1465 0.492964 1.849319
1466 0.371017 0.588131
1467 0.016514 1.042655
1468 0.014886 0.616892
1469 0.633854 6.052146
1470 0.347888 1.136441
1471 0.509955 0.755204
1472 0.136836 2.160927
1473 0.572924 1.393913
1474 0.782892 0.570667
1475 0.413579 3.752355
1476 0.285773 0.686581
1477 0.696823 0.528066
1478 0.077771 0.988616
1479 0.099588 0.494622
1480 0.722493 0.903207
1481 0.264620 1.452369
1482 0.388520 0.541639
1483 0.761685 2.545744
1484 0.225445 1.232475
1485 0.162384 0.726177
1486 0.531650 2.068960
1487 0.450459 0.812848
1488 0.659456 0.597213
1489 0.036527 5.366970
1490 0.042623 0.742874
1491 0.669473 2.222058
1492 0.313139 0.835387
1493 0.818025 1.108746
1494 0.545574 0.609505
1495 0.164573 6.458683
1496 0.226658 0.525182
1497 0.607635 1.008199
1498 0.755086 0.697101
1499 0.378029 1.744822
1500 0.250223 0.577138
1501 0.880942 3.611404
1502 0.731534 0.454120
1503 0.104707 1.437964
1504 0.694634 1.216856
1505 0.291396 2.696523
1506 0.415296 0.639956
1507 0.796312 1.495080
1508 0.566828 0.500055
1509 0.189704 0.892957
1510 0.127795 0.601780
1511 0.504835 4.800997
1512 0.478387 1.083381
1513 0.632641 0.731711
1514 0.001938 1.988051
1515 0.029461 0.486824
1516 0.648454 0.877550
1517 0.364418 2.353700
1518 0.490270 0.631878
1519 0.859521 7.742687
1520 0.153365 1.185177
1521 0.216394 0.669921
1522 0.589575 1.669504
1523 0.797590 0.518204
1524 0.428301 0.952517
1525 0.711522 0.558630
1526 0.092491 3.311680
1527 0.114194 0.552284
1528 0.737062 2.817751
1529 0.281180 1.292718
1530 0.403127 0.504223
1531 0.776253 0.933708
1532 0.611210 0.660587
1533 0.242004 1.532803
1534 0.548332 1.029015
1535 0.465149 4.447235
1536 0.343203 0.706789
1537 0.674185 0.465528
1538 0.051217 0.789927
1539 0.050856 0.553755
1540 0.674060 2.858768
1541 0.342840 1.301222
1542 0.465034 0.505299
1543 0.838008 0.937668
1544 0.547959 0.662419
1545 0.178906 1.543245
1546 0.610844 1.024563
1547 0.775893 0.583045
1548 0.403003 4.365951
1549 0.280809 0.704255
1550 0.900037 1.909896
1551 0.736945 0.464435
1552 0.113825 0.787004
1553 0.092620 0.485762
1554 0.711887 0.874287
1555 0.302571 2.330967
1556 0.428672 0.629841
1557 0.797709 7.466075
1558 0.216764 1.178544
1559 0.153726 0.672076
1560 0.526632 1.683888
1561 0.490634 0.957082
1562 0.648826 0.559926
1563 0.029582 3.361295
1564 0.001579 0.434579
1565 0.632518 1.209881
1566 0.354123 2.662251
1567 0.478270 0.638138
1568 0.858950 1.485859
1569 0.504465 0.498935
1570 0.127676 0.889574
1571 0.189577 0.603287
1572 0.566464 4.905809
1573 0.415171 1.088673
1574 0.694518 0.734276
1575 0.063480 2.008526
1576 0.104834 0.745188
1577 0.731898 2.244103
1578 0.250349 0.838560
1579 0.755207 1.114982
1580 0.607750 0.611302
1581 0.227025 6.677798
1582 0.164933 0.523794
1583 0.545696 1.003431
1584 0.818153 0.694641
1585 0.441310 1.730266
1586 0.313256 0.575669
1587 0.669844 0.453188
1588 0.042742 1.429300
1589 0.036158 0.495786
1590 0.659338 0.907313
1591 0.326188 1.463248
1592 0.450336 0.542856
1593 0.823288 2.574977
1594 0.162255 1.239342
1595 0.225323 0.723833
1596 0.594315 2.051384
1597 0.761318 0.472894
1598 0.388404 0.810049
1599 0.722368 0.595393
1600 0.099227 5.232657
1601 0.077892 0.615218
1602 0.697196 5.902511
1603 0.285889 1.131010
1604 0.783019 0.845948
1605 0.573049 0.752313
1606 0.200083 2.138687
1607 0.510072 1.403800
1608 0.476065 3.825412
1609 0.348011 0.688562
1610 0.634219 0.529247
1611 0.015014 0.993054
1612 0.016147 0.652912
1613 0.647125 1.574162
1614 0.370644 0.920701
1615 0.521025 0.547794
1616 0.144197 2.946329
1617 0.583108 0.799367
1618 0.810641 0.715329
1619 0.429900 1.864570
1620 0.307706 0.589803
1621 0.934784 4.176372
1622 0.709209 0.406339
1623 0.078208 1.048170
1624 0.746474 1.164247
1625 0.266901 8.930206
1626 0.393002 0.767216
1627 0.769782 2.442947
1628 0.624280 0.490999
1629 0.243576 0.864676
1630 0.181584 0.563941
1631 0.562371 3.130230
1632 0.456008 1.354763
1633 0.329908 0.513623
1634 0.684565 0.676815
1635 0.057440 1.629912
1636 0.680810 1.078228
1637 0.332075 5.145510
1638 0.460125 0.729202
1639 0.829118 2.045384
1640 0.556667 0.472043
1641 0.183754 0.818276
1642 0.246784 0.533928
1643 0.619735 2.732242
1644 0.767186 0.436365
1645 0.398155 1.196761
1646 0.270105 0.501197
1647 0.743878 0.634237
1648 0.124589 1.505648
1649 0.083791 0.690321
1650 0.706917 1.759225
1651 0.311340 0.994497
1652 0.808351 1.409983
1653 0.578867 0.572528
1654 0.209891 3.675732
1655 0.146914 0.484128
1656 0.515990 0.832224
1657 0.497506 2.293914
1658 0.373363 0.607714
1659 0.020814 1.103347
1660 0.010281 0.579823
1661 0.637360 4.545031
1662 0.345238 1.014598
1663 0.515170 0.699816
1664 0.134428 1.945237
1665 0.577231 1.285400
1666 0.785245 0.550810
1667 0.408418 2.933077
1668 0.282322 0.658545
1669 0.699422 0.507721
1670 0.072365 0.929752
1671 0.094007 0.521900
1672 0.725023 0.948398
1673 0.260993 1.709714
1674 0.383183 0.557122
1675 0.763970 3.472104
1676 0.598926 0.451766
1677 0.222061 1.320211
1678 0.160152 0.767675
1679 0.536933 2.380032
1680 0.446274 0.867157
1681 0.663030 0.626359
1682 0.032098 8.043884
1683 0.045030 0.710741
1684 0.664259 1.898309
1685 0.317500 0.793698
1686 0.812565 1.037725
1687 0.542068 0.586512
1688 0.169177 4.339630
1689 0.232062 0.510420
1690 0.605037 0.913054
1691 0.750534 0.649155
1692 0.381482 1.598464
1693 0.255385 0.544906
1694 0.878588 3.025499
1695 0.727228 0.443721
1696 0.107915 1.250106
1697 0.067231 0.447791
1698 0.690396 1.338593
1699 0.296734 3.225933
1700 0.418924 0.672493
1701 0.791829 1.654150
1702 0.564299 0.515981
1703 0.195284 0.959990
1704 0.132223 0.621404
1705 0.501261 9.771416
1706 0.480863 1.152118
1707 0.627358 0.761594
1708 0.004170 2.496788
1709 0.026925 0.474893
1710 0.654042 0.803831
1711 0.359928 2.089920
1712 0.487977 0.592229
1713 0.864866 5.505666
1714 0.149119 1.055839
1715 0.211119 0.642247
1716 0.591799 1.482392
1717 0.424977 0.899622
1718 0.715943 0.540262
1719 0.088925 2.640516
1720 0.110681 0.569140
1721 0.741674 3.961919
1722 0.275713 1.385126
1723 0.399857 0.531946
1724 0.780621 0.984319
1725 0.613624 0.684309
1726 0.236782 1.829995
1727 0.551532 1.119060
1728 0.462803 6.229011
1729 0.338660 0.747330
1730 0.679582 0.479565
1731 0.048627 0.839487
1732 0.050619 0.480044
1733 0.677713 0.844266
1734 0.336760 2.193068
1735 0.464810 0.614327
1736 0.841645 6.333956
1737 0.172813 1.128121
1738 0.234775 0.680981
1739 0.615508 1.821501
1740 0.778584 0.531184
1741 0.401772 0.977314
1742 0.739652 0.566976
1743 0.112581 3.929000
1744 0.086980 0.539479
1745 0.718010 2.590714
1746 0.298904 1.221792
1747 0.423047 0.496367
1748 0.803819 0.897915
1749 0.589960 0.641437
1750 0.213080 1.468121
1751 0.527846 1.057995
1752 0.486017 5.717736
1753 0.361873 0.720192
1754 0.655896 0.476549
1755 0.024949 0.805549
1756 0.006207 0.757789
1757 0.625443 2.484812
1758 0.356788 0.852760
1759 0.851892 1.142678
1760 0.503253 0.618591
1761 0.130354 9.524493
1762 0.193262 0.516698
1763 0.566199 0.966746
1764 0.789838 0.675735
1765 0.420793 1.661146
1766 0.294697 0.563220
1767 0.917892 3.248068
1768 0.688390 0.448186
1769 0.069115 1.350446
1770 0.729188 1.254101
1771 0.257437 3.093661
1772 0.379628 0.649988
1773 0.752510 1.615402
1774 0.603092 0.512173
1775 0.234130 0.914820
1776 0.171031 0.585798
1777 0.540092 4.216246
1778 0.441529 1.035643
1779 0.666189 0.709474
1780 0.042978 1.872793
1781 0.033937 0.628942
1782 0.661070 8.173322
1783 0.322032 1.175277
1784 0.825001 0.872557
1785 0.538879 0.771988
1786 0.158084 2.395377
1787 0.600902 1.307586
1788 0.762024 0.554905
1789 0.385251 3.442133
1790 0.259154 0.664830
1791 0.890078 1.703673
1792 0.723093 0.521374
1793 0.096059 0.942506
1794 0.070328 0.505878
1795 0.701337 0.927583
1796 0.284206 1.548873
1797 0.406396 0.550223
1798 0.787145 2.877392
1799 0.198382 1.281971
1800 0.136450 0.700854
1801 0.513270 1.970944
1802 0.469465 0.782703
1803 0.639367 0.580681
1804 0.008396 4.697443
1805 0.022759 0.423342
1806 0.641972 1.095244
1807 0.371387 6.999968
1808 0.499436 0.736318
1809 0.868421 2.279826
1810 0.517828 0.483531
1811 0.144953 0.827309
1812 0.207961 0.574889
1813 0.580920 3.710023
1814 0.437444 1.424689
1815 0.309394 0.526979
1816 0.705063 0.693549
1817 0.085767 1.765689
1818 0.122598 0.635307
1819 0.745748 1.522413
1820 0.272005 0.884149
1821 0.769070 1.199739
1822 0.617698 0.534479
1823 0.248699 2.782350
1824 0.554782 0.816960
1825 0.458210 2.017722
1826 0.334067 0.599119
1827 0.953349 4.963255
1828 0.059660 1.075107
1829 0.055479 0.679915
1830 0.686404 1.635450
1831 0.331838 0.975101
1832 0.834727 1.368327
1833 0.560303 0.566230
1834 0.183529 3.155030
1835 0.622426 0.859375
1836 0.771850 0.762954
1837 0.391056 2.427009
1838 0.268862 0.622288
1839 0.895994 8.776172
1840 0.748526 0.428163
1841 0.117502 1.155236
1842 0.707172 1.045217
1843 0.305699 4.055444
1844 0.431800 0.714248
1845 0.808619 1.841543
1846 0.584978 0.460806
1847 0.204267 0.798108
1848 0.142297 0.548376
1849 0.523046 3.004731
1850 0.494830 1.268372
1851 0.368729 0.509826
1852 0.645241 0.654047
1853 0.018154 1.592511
1854 0.012947 0.528705
1855 0.636165 0.986591
1856 0.349865 1.791922
1857 0.474013 0.569898
1858 0.846972 3.788982
1859 0.139043 1.389523
1860 0.202135 0.756458
1861 0.571119 2.151085
1862 0.784980 0.477981
1863 0.412104 0.851089
1864 0.699172 0.617711
1865 0.076038 5.972030
1866 0.101096 0.596297
1867 0.720377 5.435538
1868 0.262235 1.068938
1869 0.759311 0.811341
1870 0.596230 0.724942
1871 0.223286 2.079969
1872 0.533291 1.236160
1873 0.452373 2.531981
1874 0.324319 0.645135
1875 0.657439 0.494030
1876 0.038180 0.905251
1877 0.040873 0.453593
1878 0.671835 1.442834
1879 0.315278 3.584713
1880 0.439426 0.698102
1881 0.820159 1.737940
1882 0.543781 0.524534
1883 0.166970 1.010821
1884 0.228909 0.608578
1885 0.605744 6.561400
1886 0.757122 0.421647
1887 0.376365 1.106135
1888 0.733797 0.741542
1889 0.102813 2.234406
1890 0.065548 0.732926
1891 0.692573 1.980006
1892 0.289170 0.822930
1893 0.794020 1.086388
1894 0.568425 0.602533
1895 0.187738 4.748839
1896 0.125624 0.500609
1897 0.506395 0.891247
1898 0.480109 1.500476
1899 0.352055 0.537231
1900 0.003433 1.213617
1901 0.027667 0.557833
1902 0.650863 3.337608
1903 0.366540 1.324308
1904 0.488734 0.518757
1905 0.524763 0.668868
1906 0.155717 1.676702
1907 0.587671 1.188590
1908 0.799578 0.632757
1909 0.426680 7.617022
1910 0.304486 0.777361
1911 0.713772 0.486252
1912 0.090614 0.879468
1913 0.735106 0.788653
1914 0.278879 1.936428
1915 0.404979 0.583753
1916 0.774039 4.498322
1917 0.239929 1.026597
1918 0.176930 0.661556
1919 0.549813 1.527771
1920 0.466980 0.935809
1921 0.672007 0.552931
1922 0.052786 2.800440
1923 0.054593 0.439220
1924 0.673615 1.302418
1925 0.340720 2.827089
1926 0.468526 0.663111
1927 0.837808 1.540863
1928 0.549715 0.504521
1929 0.176543 0.940865
1930 0.238627 0.581815
1931 0.611776 4.424879
1932 0.405610 1.022912
1933 0.735676 0.703905
1934 0.116677 1.914608
1935 0.090956 0.775387
1936 0.713914 2.309971
1937 0.302863 0.874843
1938 0.799981 1.183577
1939 0.586109 0.630473
1940 0.216812 7.409797
1941 0.154903 0.519757
1942 0.524116 0.955628
1943 0.489853 1.692537
1944 0.365954 0.559699
1945 0.651921 0.450615
1946 0.029047 1.330015
1947 0.002355 0.536251
1948 0.629175 2.671386
1949 0.352950 1.205009
1950 0.478803 0.499184
1951 0.507229 0.636664
1952 0.126258 1.492615
1953 0.570297 1.092990
1954 0.793919 0.603863
1955 0.416832 4.881938
1956 0.290980 0.736082
1957 0.692243 0.469781
1958 0.065385 0.825216
1959 0.102223 0.482831
1960 0.732919 0.836231
1961 0.253601 2.250692
1962 0.375547 0.609954
1963 0.756471 6.815717
1964 0.230032 1.113002
1965 0.167055 0.695411
1966 0.544188 1.727240
1967 0.437570 1.007082
1968 0.670041 0.576772
1969 0.039246 3.509079
1970 0.038033 0.647635
1971 0.657094 1.454932
1972 0.326114 0.907906
1973 0.821287 1.244927
1974 0.535148 0.543325
1975 0.161936 2.568324
1976 0.597048 0.809008
1977 0.758187 0.721942
1978 0.388967 2.064243
1979 0.263115 0.595138
1980 0.885997 5.268305
1981 0.718995 0.415139
1982 0.100033 1.062102
1983 0.697363 1.131957
1984 0.288287 5.770169
1985 0.410233 0.753222
1986 0.783429 2.134023
1987 0.571510 0.476712
1988 0.202235 0.848535
1989 0.140182 0.571061
1990 0.509418 3.870139
1991 0.473179 1.400646
1992 0.351233 0.530338
1993 0.635271 0.688211
1994 0.012372 1.802885
1995 0.019029 0.508979
1996 0.645826 0.917889
1997 0.367671 1.577385
1998 0.495476 0.546712
1999 0.872502 2.972972
2000 0.140980 1.262505
2001 0.203865 0.716141
2002 0.584895 1.861065
2003 0.433361 0.801683
2004 0.708795 0.590963
2005 0.081915 4.109264
2006 0.118867 0.624551
2007 0.749600 9.036588
2008 0.268291 1.159781
2009 0.773153 0.863481
2010 0.621794 0.765103
2011 0.244723 2.461139
2012 0.558756 1.361401
2013 0.454129 3.120207
2014 0.330230 0.678334
2015 0.686562 0.513276
2016 0.055806 0.969562
2017 0.059562 0.600400
2018 0.682445 5.103673
2019 0.335935 1.081764
2020 0.830996 0.819152
2021 0.556589 0.731282
2022 0.187368 2.031594
2023 0.618589 1.191199
2024 0.767996 0.533555
2025 0.394785 2.737660
2026 0.272835 0.633019
2027 0.744446 0.501597
2028 0.121463 0.881401
2029 0.084204 0.525439
2030 0.703212 0.997525
2031 0.309797 1.754372
2032 0.435654 0.573814
2033 0.804889 3.631228
2034 0.581262 0.454884
2035 0.208104 1.412555
2036 0.146011 0.739582
2037 0.519208 2.297649
2038 0.498562 0.829520
2039 0.641158 0.606588
2040 0.022112 7.285440
2041 0.009231 0.410216
2042 0.640002 1.013554
2043 0.346135 4.620861
2044 0.470039 0.699179
2045 0.851070 1.947998
2046 0.135083 0.779124
2047 0.198052 0.551995
2048 0.575077 2.904763
2049 0.408008 1.287555
2050 0.284105 0.506792
2051 0.702887 0.658986
2052 0.072199 1.562725
2053 0.097381 0.666466
2054 0.724216 1.720394
2055 0.258503 0.947504
2056 0.763408 1.313427
2057 0.600313 0.556723
2058 0.219328 3.480717
2059 0.156290 0.487735
2060 0.537252 0.868125
2061 0.825346 0.769988
2062 0.448275 2.361266
2063 0.320465 0.626750
2064 0.951199 7.943088
2065 0.661155 0.426018
2066 0.034343 1.170250
2067 0.044834 0.463485
2068 0.667754 0.795605
2069 0.319252 1.892537
2070 0.443156 0.587852
2071 0.816306 4.278102
2072 0.170687 1.039139
2073 0.232748 0.648603
2074 0.602029 1.600352
2075 0.753390 0.511285
2076 0.380217 0.909824
2077 0.729839 0.544011
2078 0.106895 3.058831
2079 0.069507 0.561418
2080 0.688490 3.209511
2081 0.293146 1.344061
2082 0.420955 0.515789
2083 0.790169 0.961185
2084 0.564587 0.674263
2085 0.191453 1.645088
2086 0.502678 1.146959
2087 0.483962 9.840854
2088 0.356153 0.759835
2089 0.626581 0.493580
2090 0.007514 0.856950
2091 0.023829 0.717334
2092 0.654578 2.105750
2093 0.362688 0.803167
2094 0.528722 0.591768
2095 0.151635 5.527979
2096 0.214703 0.497841
2097 0.591752 0.900688
2098 0.803676 0.643857
2099 0.422706 1.475154
2100 0.300756 0.540563
2101 0.717608 0.433713
2102 0.086897 1.230163
2103 0.738823 1.383194
2104 0.275025 4.019523
2105 0.400882 0.683701
2106 0.778014 1.832400
2107 0.616873 0.532888
2108 0.235849 0.980547
2109 0.172971 0.613043
2110 0.553896 6.102590
2111 0.463004 1.120691
2112 0.675846 0.747894
2113 0.049072 2.176272
2114 0.047004 0.749320
2115 0.677791 2.210595
2116 0.339001 0.843547
2117 0.841967 1.123166
2118 0.551935 0.613838
2119 0.174810 6.362779
2120 0.237901 0.530982
2121 0.614942 0.978555
2122 0.779974 0.682800
2123 0.399043 1.810526
2124 0.277093 0.567301
2125 0.903874 3.904698
2126 0.740799 0.458451
2127 0.110095 1.378409
2128 0.715617 1.220262
2129 0.298734 2.615101
2130 0.424591 0.640895
2131 0.801669 1.469708
2132 0.593667 0.497183
2133 0.212666 0.894790
2134 0.149750 0.594329
2135 0.530728 5.611622
2136 0.486675 1.059473
2137 0.652678 0.720725
2138 0.025851 2.114537
2139 0.005553 0.491812
2140 0.628420 0.854975
2141 0.358083 2.475041
2142 0.481986 0.620090
2143 0.855114 9.231497
2144 0.131405 1.144369
2145 0.193429 0.675145
2146 0.562733 1.663134
2147 0.792236 0.517589
2148 0.419010 0.963109
2149 0.690543 0.562258
2150 0.067576 3.286709
2151 0.108810 0.546012
2152 0.727801 3.078379
2153 0.254307 1.258870
2154 0.382116 0.511979
2155 0.751368 0.915921
2156 0.603898 0.651634
2157 0.230757 1.606805
2158 0.541967 1.031492
2159 0.445147 4.229437
2160 0.317337 0.707956
2161 0.665870 0.463032
2162 0.046840 0.791386
2163 0.032428 0.427351
2164 0.663192 1.173901
2165 0.322472 8.423146
2166 0.446375 0.771223
2167 0.827368 2.399461
2168 0.535382 0.489310
2169 0.158281 0.869586
2170 0.221227 0.556113
2171 0.598291 3.402995
2172 0.765277 0.451080
2173 0.384322 1.309785
2174 0.260418 0.520390
2175 0.726100 0.665271
2176 0.095375 1.699100
2177 0.074160 0.656088
2178 0.701048 1.557589
2179 0.282174 0.926713
2180 0.787101 1.275602
2181 0.577145 0.549829
2182 0.196106 2.883458
2183 0.514046 0.783503
2184 0.471984 1.958128
2185 0.344175 0.581023
2186 0.011161 1.020525
2187 0.020243 0.605667
2188 0.643149 6.923628
2189 0.374727 1.098915
2190 0.496677 0.483366
2191 0.517293 0.738449
2192 0.148048 2.262614
2193 0.579255 1.416778
2194 0.806804 0.574463
2195 0.433616 3.719766
2196 0.311666 0.692084
2197 0.705112 0.527417
2198 0.082182 1.000063
2199 0.123531 0.502093
2200 0.742500 0.886528
2201 0.270981 1.518734
2202 0.396838 0.535595
2203 0.766066 2.756908
2204 0.247430 1.201626
2205 0.185315 0.727388
2206 0.558519 2.020682
2207 0.459723 0.814365
2208 0.680469 0.598031
2209 0.061416 5.053759
2210 0.057843 0.515164
2211 0.684647 0.971965
2212 0.328346 1.638977
2213 0.456151 0.565079
2214 0.833215 3.185413
2215 0.179793 1.365334
2216 0.242701 0.763888
2217 0.623694 2.420965
2218 0.771162 0.489660
2219 0.394059 0.862040
2220 0.747593 0.623572
2221 0.120751 8.486262
2222 0.080076 0.588669
2223 0.710756 4.076938
2224 0.307608 1.041597
2225 0.812447 0.797102
2226 0.582950 0.712408
2227 0.205932 1.851924
2228 0.519950 1.274218
2229 0.493409 2.995655
2230 0.369509 0.655473
2231 0.647756 0.509488
2232 0.016977 0.923448
2233 0.014363 0.686940
2234 0.633402 1.779525
2235 0.349333 0.987309
2236 0.844452 1.396512
2237 0.511455 0.570420
2238 0.138267 3.774341
2239 0.573395 0.849926
2240 0.781392 0.754402
2241 0.412148 2.165146
2242 0.286296 0.617430
2243 0.909201 6.019178
2244 0.695341 0.419270
2245 0.076326 1.135366
2246 0.721062 1.069763
2247 0.265091 5.322601
2248 0.387037 0.725777
2249 0.760240 2.075636
2250 0.595210 0.473683
2251 0.225897 0.813732
2252 0.163866 0.541225
2253 0.533095 2.551617
2254 0.450006 1.233740
2255 0.658948 0.644835
2256 0.036057 1.450467
2257 0.041191 0.577656
2258 0.667973 3.601524
2259 0.313648 1.435949
2260 0.439501 0.524814
2261 0.816541 1.009191
2262 0.546027 0.696347
2263 0.165094 1.747133
2264 0.609118 1.110570
2265 0.754632 0.609170
2266 0.377508 6.517985
2267 0.251655 0.743374
2268 0.882442 2.215118
2269 0.731065 0.481140
2270 0.104199 0.834354
2271 0.063394 0.469314
2272 0.694112 0.820676
2273 0.292880 1.985063
2274 0.414826 0.601218
2275 0.795803 4.818589
2276 0.191203 1.084530
2277 0.128265 0.639585
2278 0.505344 1.498240
2279 0.476888 0.894141
2280 0.631197 0.538197
2281 0.000455 2.686325
2282 0.030885 0.449163
2283 0.649961 1.325580
2284 0.363901 3.294708
2285 0.491707 0.669581
2286 0.861012 1.673842
2287 0.526061 0.517943
2288 0.152836 0.953730
2289 0.214958 0.631316
2290 0.588084 7.797134
2291 0.428830 1.186344
2292 0.711984 0.776924
2293 0.093008 2.348697
2294 0.114640 0.707168
2295 0.737591 1.921850
2296 0.279689 0.789094
2297 0.776769 1.030433
2298 0.609785 0.584290
2299 0.240496 4.478196
2300 0.178565 0.503846
2301 0.547816 0.934434
2302 0.466657 1.534930
2303 0.342758 0.552714
2304 0.675621 0.438847
2305 0.052709 1.291331
2306 0.052045 0.504866
2307 0.675188 0.939987
2308 0.342078 1.539109
2309 0.466222 0.554297
2310 0.839134 2.833322
2311 0.178146 1.304047
2312 0.241176 0.702876
2313 0.610206 1.915607
2314 0.777203 0.464856
2315 0.404252 0.785133
2316 0.738256 0.582507
2317 0.115075 4.420307
2318 0.093319 0.630639
2319 0.712525 7.305087
2320 0.301323 1.180622
2321 0.798349 0.876491
2322 0.588382 0.775159
2323 0.215514 2.320133
2324 0.525504 1.332671
2325 0.491396 3.392071
2326 0.363346 0.670865
2327 0.649647 0.519977
2328 0.030342 0.954292
2329 0.000752 0.637448
2330 0.631752 1.491692
2331 0.355255 0.888198
2332 0.858187 1.205299
2333 0.505656 0.535706
2334 0.128806 2.674105
2335 0.567717 0.825795
2336 0.795248 0.735328
2337 0.414529 1.996383
2338 0.292338 0.604383
2339 0.919395 4.860100
2340 0.693813 0.412418
2341 0.062836 1.092021
2342 0.730646 1.111325
2343 0.250990 6.745057
2344 0.377087 0.744352
2345 0.753953 2.258678
2346 0.608455 0.482609
2347 0.227669 0.837154
2348 0.165760 0.576682
2349 0.546462 3.534839
2350 0.440178 1.434835
2351 0.314081 0.523059
2352 0.668653 0.695525
2353 0.041612 1.721166
2354 0.035517 0.543447
2355 0.658636 2.555641
2356 0.327502 1.241661
2357 0.449692 0.495419
2358 0.822583 0.909683
2359 0.532539 0.647476
2360 0.163570 1.458961
2361 0.595508 1.063798
2362 0.760552 0.594824
2363 0.387577 5.307236
2364 0.265387 0.722422
2365 0.884700 2.058183
2366 0.721604 0.473301
2367 0.098402 0.808052
2368 0.076760 0.477020
2369 0.696003 0.847819
2370 0.286716 2.130650
2371 0.412813 0.615878
2372 0.781828 5.796115
2373 0.200908 1.133184
2374 0.137847 0.687229
2375 0.510775 1.803762
2376 0.474752 0.990098
2377 0.632965 0.571728
2378 0.013699 3.866606
2379 0.017395 0.442332
2380 0.648435 1.260350
2381 0.369945 2.959469
2382 0.494089 0.652276
2383 0.874868 1.581309
2384 0.520385 0.508730
2385 0.143496 0.919003
2386 0.205496 0.590868
2387 0.582286 4.144674
2388 0.431089 1.051129
2389 0.710335 0.716261
2390 0.079396 1.854024
2391 0.120195 0.766237
2392 0.747297 2.458618
2393 0.265712 0.863359
2394 0.770604 1.160047
2395 0.623154 0.623812
2396 0.242389 9.067589
2397 0.180335 0.512881
2398 0.561061 0.970360
2399 0.456708 1.621966
2400 0.328658 0.564906
2401 0.685205 0.445571
2402 0.058141 1.359894
2403 0.060859 0.730172
2404 0.680170 2.032718
2405 0.333326 0.819359
2406 0.828480 1.081364
2407 0.557976 0.601137
2408 0.185002 5.097591
2409 0.247971 0.501938
2410 0.620861 0.880630
2411 0.766365 0.633635
2412 0.397395 1.512174
2413 0.271295 0.533108
2414 0.894414 2.743503
2415 0.743055 0.436746
2416 0.123828 1.192561
2417 0.082603 0.454708
2418 0.705791 1.415551
2419 0.312100 3.649650
2420 0.434294 0.691238
2421 0.807223 1.749986
2422 0.579690 0.525664
2423 0.210653 0.996070
2424 0.147615 0.606741
2425 0.516629 7.184187
2426 0.496256 1.099568
2427 0.642730 0.739375
2428 0.019565 2.307702
2429 0.011596 0.466913
2430 0.638615 0.779641
2431 0.344594 1.951368
2432 0.472648 0.579285
2433 0.849436 4.601292
2434 0.133787 1.012721
2435 0.195687 0.659826
2436 0.576467 1.561714
2437 0.786436 0.507335
2438 0.409548 0.932236
2439 0.700615 0.551417
2440 0.073497 2.907978
2441 0.094832 0.556640
2442 0.725787 3.506062
2443 0.259863 1.316831
2444 0.384010 0.522424
2445 0.764736 0.945706
2446 0.597733 0.666570
2447 0.220928 1.714368
2448 0.535680 1.168395
2449 0.446918 7.847288
2450 0.322771 0.769528
2451 0.663733 0.487508
2452 0.032740 0.869120
2453 0.665450 1.040762
2454 0.316675 4.303740
2455 0.444729 0.711724
2456 0.813758 1.887442
2457 0.168351 0.794680
2458 0.231419 0.544134
2459 0.604333 3.040858
2460 0.751788 0.444069
2461 0.382797 1.245222
2462 0.254743 0.511233
2463 0.728480 0.648443
2464 0.109228 1.605228
2465 0.067874 0.673320
2466 0.691101 1.645819
2467 0.295419 0.961468
2468 0.792532 1.343439
2469 0.563047 0.562063
2470 0.193971 3.207082
2471 0.131093 0.493910
2472 0.500070 0.856220
2473 0.481688 2.514873
2474 0.357541 0.620299
2475 0.976746 9.916568
2476 0.004996 1.148219
2477 0.026165 0.591673
2478 0.653221 5.592248
2479 0.361115 1.053701
2480 0.531026 0.717454
2481 0.150309 2.096740
2482 0.593110 1.228118
2483 0.801127 0.540779
2484 0.424276 2.618823
2485 0.298176 0.643535
2486 0.715304 0.497604
2487 0.088226 0.901760
2488 0.109431 0.532463
2489 0.740362 0.981364
2490 0.276414 1.835374
2491 0.398609 0.568617
2492 0.779312 4.004671
2493 0.614262 0.460273
2494 0.237481 1.381638
2495 0.175488 0.748977
2496 0.552353 2.174300
2497 0.461616 0.841521
2498 0.678454 0.612331
2499 0.047438 6.116711
2500 0.049369 0.613273
2501 0.676401 6.397392
2502 0.337461 1.124285
2503 0.840335 0.842892
2504 0.554207 0.750142
2505 0.173512 2.206634
2506 0.616329 1.377622
2507 0.777458 0.567981
2508 0.400585 3.902237
2509 0.274484 0.681798
2510 0.738524 0.530448
2511 0.111392 0.978920
2512 0.086219 0.497116
2513 0.717189 0.896456
2514 0.300091 1.473972
2515 0.422285 0.538699
2516 0.802996 2.601448
2517 0.214269 1.217228
2518 0.152300 0.721242
2519 0.529157 2.108490
2520 0.485316 0.806516
2521 0.655258 0.593992
2522 0.024250 5.653430
2523 0.006850 0.429304
2524 0.626148 1.144726
2525 0.355473 9.257847
2526 0.483527 0.759521
2527 0.852595 2.472947
2528 0.502000 0.492306
2529 0.129041 0.854804
2530 0.192132 0.562686
2531 0.565008 3.276021
2532 0.421618 1.347271
2533 0.293565 0.517168
2534 0.689156 0.674544
2535 0.069942 1.665790
2536 0.107206 0.651274
2537 0.730380 1.610684
2538 0.256612 0.917089
2539 0.753703 1.256611
2540 0.602326 0.546255
2541 0.233303 3.064562
2542 0.539388 0.790176
2543 0.815765 0.708038
2544 0.442844 1.878029
2545 0.318697 0.585279
2546 0.937955 4.268233
2547 0.044291 1.033513
2548 0.034762 0.489245
2549 0.661833 0.871161
2550 0.320902 2.410861
2551 0.448955 0.627874
2552 0.825767 8.283292
2553 0.156952 1.171096
2554 0.218891 0.665711
2555 0.599648 1.695201
2556 0.762729 0.520590
2557 0.385895 0.943850
2558 0.723796 0.555817
2559 0.096701 3.418353
2560 0.071643 0.549376
2561 0.702591 2.890527
2562 0.283562 1.277043
2563 0.407710 0.506653
2564 0.788397 0.925921
2565 0.574537 0.656719
2566 0.197740 1.555617
2567 0.512506 1.020091
2568 0.470595 4.658949
2569 0.346448 0.701712
2570 0.640560 0.467374
2571 0.009529 0.783735
2572 0.021572 0.737986
2573 0.640845 2.270323
2574 0.372147 0.829148
2575 0.518651 0.605965
2576 0.145715 6.854224
2577 0.208662 0.527532
2578 0.581560 0.998134
2579 0.805201 0.692162
2580 0.436194 1.770413
2581 0.310093 0.574398
2582 0.933251 3.749773
2583 0.703754 0.456196
2584 0.084518 1.420598
2585 0.745108 1.202016
2586 0.273255 2.759236
2587 0.395450 0.636530
2588 0.768432 1.517940
2589 0.619007 0.502609
2590 0.249947 0.886343
2591 0.186948 0.598517
2592 0.555908 5.028475
2593 0.457450 1.073078
2594 0.682009 0.726691
2595 0.058898 2.024596
2596 0.056241 0.446999
2597 0.687227 1.364562
2598 0.330649 3.183776
2599 0.454793 0.678584
2600 0.835549 1.639514
2601 0.559177 0.514660
2602 0.182342 0.972324
2603 0.244304 0.622989
2604 0.621117 8.547949
2605 0.772488 0.427667
2606 0.391755 1.157402
2607 0.749166 0.764742
2608 0.118204 2.416215
2609 0.081371 0.712913
2610 0.708482 1.847284
2611 0.305000 0.796127
2612 0.809930 1.043304
2613 0.584338 0.588337
2614 0.203566 4.098963
2615 0.141535 0.509418
2616 0.522223 0.925223
2617 0.496019 1.587606
2618 0.367970 0.548956
2619 0.646367 0.442710
2620 0.019341 1.270910
2621 0.011815 0.570861
2622 0.634972 3.760252
2623 0.350692 1.395071
2624 0.472882 0.527900
2625 0.845781 0.988068
2626 0.508875 0.686317
2627 0.139868 1.782566
2628 0.571822 1.135717
2629 0.783728 0.616679
2630 0.410791 6.030367
2631 0.288600 0.755545
2632 0.907875 2.163543
2633 0.697918 0.478682
2634 0.074723 0.849757
2635 0.100454 0.473776
2636 0.719674 0.812453
2637 0.263548 2.066563
2638 0.389645 0.597413
2639 0.758607 5.384187
2640 0.224601 1.071937
2641 0.161503 0.644482
2642 0.534484 1.453627
2643 0.451546 0.903664
2644 0.656675 0.541464
2645 0.037355 2.542116
2646 0.039560 0.696828
2647 0.670583 1.743010
2648 0.315920 1.007630
2649 0.818906 1.439200
2650 0.544486 0.577336
2651 0.167614 3.618729
2652 0.606510 0.835804
2653 0.755929 0.743203
2654 0.375233 2.224829
2655 0.253043 0.609297
2656 0.880076 6.433922
2657 0.732606 0.421150
2658 0.101683 1.108059
2659 0.691807 1.084040
2660 0.290301 4.814790
2661 0.416398 0.731392
2662 0.793256 1.985841
2663 0.569616 0.468896
2664 0.188868 0.820930
2665 0.126937 0.537763
2666 0.507647 2.692459
2667 0.479467 1.215974
2668 0.629837 0.640185
2669 0.002789 1.496415
2670 0.028366 0.518054
2671 0.651501 0.951976
2672 0.365291 1.667943
2673 0.489435 0.558805
2674 0.862310 3.318228
2675 0.154467 1.328924
2676 0.217474 0.776411
2677 0.586543 2.357006
2678 0.427442 0.877981
2679 0.714593 0.631640
2680 0.091374 7.709229
2681 0.116975 0.584753
2682 0.736234 4.458333
2683 0.278117 1.029646
2684 0.775166 0.789577
2685 0.612091 0.706510
2686 0.239169 1.925389
2687 0.549175 1.291781
2688 0.468228 2.813022
2689 0.340178 0.660848
2690 0.673319 0.504366
2691 0.054037 0.934228
2692 0.053467 0.662332
2693 0.672427 1.548380
2694 0.341542 0.939338
2695 0.836619 1.297955
2696 0.550477 0.553806
2697 0.177366 2.841586
2698 0.612478 0.786120
2699 0.773619 0.704659
2700 0.404299 1.904569
2701 0.278442 0.582756
2702 0.901425 4.394705
2703 0.734428 0.408303
2704 0.115368 1.026024
2705 0.713213 1.179626
2706 0.304174 7.519906
2707 0.426124 0.774209
2708 0.799282 2.325586
2709 0.587357 0.486124
2710 0.218122 0.873722
2711 0.156029 0.560555
2712 0.525303 3.357433
2713 0.489032 1.335490
2714 0.367082 0.518922
2715 0.651159 0.671187
2716 0.028224 1.684763
2717 0.003119 0.498742
2718 0.630000 0.890819
2719 0.351759 1.488774
2720 0.479568 0.536742
2721 0.856677 2.652672
2722 0.125065 1.207635
2723 0.188034 0.734462
2724 0.568982 2.000463
2725 0.417537 0.823345
2726 0.692885 0.603176
2727 0.066088 4.953642
2728 0.103477 0.610499
2729 0.734234 6.686722
2730 0.252896 1.115456
2731 0.757784 0.838269
2732 0.606424 0.746363
2733 0.229329 2.243290
2734 0.543363 1.427422
2735 0.438761 3.547452
2736 0.314858 0.693917
2737 0.671173 0.523413
2738 0.040439 1.004324
2739 0.038738 0.432329
2740 0.657738 1.240535
2741 0.324861 2.581335
2742 0.452670 0.646807
2743 0.821928 1.461121
2744 0.533834 0.496164
2745 0.160684 0.906703
2746 0.222745 0.596105
2747 0.595918 5.223242
2748 0.759012 0.414818
2749 0.389731 1.065606
2750 0.719822 0.722804
2751 0.100799 2.052672
2752 0.075617 0.752200
2753 0.698493 2.148572
2754 0.287523 0.847309
2755 0.784560 1.128544
2756 0.570683 0.615279
2757 0.201470 5.829803
2758 0.139477 0.529505
2759 0.508774 0.991649
2760 0.474434 1.793906
2761 0.350530 0.571960
2762 0.636584 0.457559
2763 0.013624 1.406550
2764 0.017718 0.547150
2765 0.644576 2.948046
2766 0.368310 1.265641
2767 0.494167 0.508467
2768 0.522625 0.653815
2769 0.141618 1.573756
2770 0.585655 1.047157
2771 0.809284 0.590313
2772 0.432235 4.162219
2773 0.306379 0.714563
2774 0.707605 0.461907
2775 0.080786 0.799932
2776 0.118046 0.490812
2777 0.748840 0.865853
2778 0.269417 2.450852
2779 0.391367 0.625226
2780 0.772391 8.823518
2781 0.245851 1.162171
2782 0.182974 0.676972
2783 0.560006 1.624604
2784 0.453489 0.966960
2785 0.685863 0.563843
2786 0.055168 3.149659
2787 0.060200 0.472248
2788 0.683145 0.817320
2789 0.334625 2.039275
2790 0.458524 0.599728
2791 0.831697 5.185493
2792 0.186057 1.079846
2793 0.248140 0.634157
2794 0.617400 1.510535
2795 0.768758 0.501101
2796 0.395609 0.883672
2797 0.745205 0.533974
2798 0.122284 2.716543
2799 0.085332 0.573185
2800 0.704401 3.671114
2801 0.308974 1.409519
2802 0.436780 0.525867
2803 0.806076 0.994766
2804 0.580501 0.689383
2805 0.207282 1.760180
2806 0.518509 1.104294
2807 0.499871 7.146532
2808 0.372065 0.741032
2809 0.642408 0.484488
2810 0.023423 0.831712
2811 0.007978 0.699984
2812 0.638688 1.937674
2813 0.346838 0.780251
2814 0.849755 1.016740
2815 0.512836 0.579720
2816 0.135788 4.586060
2817 0.198818 0.507521
2818 0.575904 0.931111
2819 0.787823 0.658131
2820 0.406815 1.569878
2821 0.284868 0.551112
2822 0.911727 2.921456
2823 0.701757 0.441377
2824 0.071008 1.282865
2825 0.723389 1.318609
2826 0.259696 3.462344
2827 0.385549 0.667154
2828 0.762583 1.712204
2829 0.601443 0.521521
2830 0.220519 0.949196
2831 0.157542 0.625517
2832 0.538565 8.056840
2833 0.447572 1.166608
2834 0.660511 0.768922
2835 0.033639 2.379118
2836 0.043641 0.587203
2837 0.666623 4.333154
2838 0.320018 1.037471
2839 0.815176 0.793868
2840 0.540770 0.709748
2841 0.171451 1.899412
2842 0.602671 1.251320
2843 0.752077 0.544515
2844 0.378965 3.034280
2845 0.257018 0.649727
2846 0.875980 1.595926
2847 0.728523 0.510821
2848 0.105641 0.912436
2849 0.068804 0.516226
2850 0.687848 0.958677
2851 0.294398 1.650158
2852 0.420250 0.560834
2853 0.789525 3.241628
2854 0.192707 1.341093
2855 0.130653 0.761478
2856 0.503810 2.510272
2857 0.483196 0.859087
2858 0.625756 0.621466
2859 0.006750 9.573759
2860 0.024652 0.416364
2861 0.655340 1.054811
2862 0.361560 5.481094
2863 0.485459 0.718119
2864 0.866406 2.093630
2865 0.527534 0.474580
2866 0.150508 0.804403
2867 0.213393 0.539636
2868 0.590503 2.641894
2869 0.423344 1.226173
2870 0.718309 0.643121
2871 0.087537 1.482032
2872 0.113259 0.684469
2873 0.740071 1.823307
2874 0.274387 0.982346
2875 0.779264 1.389126
2876 0.616172 0.569040
2877 0.235209 3.993094
2878 0.553134 0.840597
2879 0.464132 2.190104
2880 0.336326 0.611949
2881 0.967082 6.176912
2882 0.677033 0.419941
2883 0.050198 1.117141
2884 0.679040 1.125573
2885 0.338363 6.253043
2886 0.462263 0.750880
2887 0.843217 2.203102
2888 0.551234 0.479973
2889 0.174170 0.845672
2890 0.237078 0.566726
2891 0.614181 3.953399
2892 0.781164 0.459010
2893 0.400171 1.375142
2894 0.276272 0.531465
2895 0.741986 0.681326
2896 0.111222 1.816415
2897 0.089589 0.642025
2898 0.716379 1.466140
2899 0.297606 0.897261
2900 0.802429 1.223063
2901 0.592479 0.539074
2902 0.211539 2.596677
2903 0.148441 0.476061
2904 0.529480 0.805679
2905 0.487313 2.123429
2906 0.359507 0.593639
2907 0.026490 1.057815
2908 0.004850 0.618945
2909 0.627778 9.396643
2910 0.359335 1.140768
2911 0.481281 0.492483
2912 0.501926 0.757281
2913 0.132660 2.493425
2914 0.563865 1.354377
2915 0.791409 0.563100
2916 0.418244 3.268196
2917 0.296298 0.675925
2918 0.689718 0.516742
2919 0.066812 0.964773
2920 0.107617 0.512700
2921 0.726669 0.914534
2922 0.255073 1.614793
2923 0.380925 0.545089
2924 0.750238 3.096269
2925 0.231520 1.254586
2926 0.169490 0.708683
2927 0.542609 1.875526
2928 0.443895 0.792628
2929 0.664555 0.586325
2930 0.045587 4.203138
2931 0.031663 0.772841
2932 0.662365 2.390095
2933 0.323665 0.871937
2934 0.826543 1.176449
2935 0.536512 0.628392
2936 0.159472 8.232824
2937 0.222480 0.520791
2938 0.599604 0.942682
2939 0.764635 0.663993
2940 0.383619 1.704772
2941 0.261672 0.555501
2942 0.888538 3.437203
2943 0.725457 0.451655
2944 0.094670 1.307306
2945 0.699735 1.278685
2946 0.282877 2.860596
2947 0.408730 0.657277
2948 0.785786 1.553876
2949 0.577789 0.505799
2950 0.196811 0.929282
2951 0.133873 0.580419
2952 0.514873 4.732415
2953 0.470791 1.018747
2954 0.636819 0.701218
2955 0.009969 1.965001
2956 0.021371 0.484000
2957 0.644338 0.827073
2958 0.373904 2.278600
2959 0.497803 0.604540
2960 0.871029 7.013217
2961 0.147227 1.095611
2962 0.209350 0.692794
2963 0.578556 1.768111
2964 0.434926 1.002025
2965 0.706362 0.575397
2966 0.083494 3.699838
2967 0.124168 0.534742
2968 0.743199 2.771351
2969 0.269672 1.197637
2970 0.397478 0.502790
2971 0.766767 0.885324
2972 0.619300 0.634949
2973 0.246119 1.525647
2974 0.557330 1.077599
2975 0.460546 5.010463
2976 0.332741 0.728301
2977 0.681230 0.470622
2978 0.062237 0.815552
2979 0.057022 0.565982
2980 0.683887 3.170744
2981 0.329472 1.370799
2982 0.455328 0.514396
2983 0.832453 0.973813
2984 0.561937 0.680258
2985 0.180921 1.631350
2986 0.624944 1.152565
2987 0.770461 0.622379
2988 0.393420 8.621600
2989 0.267563 0.762797
2990 0.898267 2.439304
2991 0.746894 0.490313
2992 0.120113 0.860831
2993 0.078764 0.460350
2994 0.709505 0.798236
2995 0.308248 1.842835
2996 0.430198 0.589588
2997 0.811199 4.048640
2998 0.206570 1.045041
2999 0.143655 0.654658
3000 0.520710 1.590180
3001 0.492282 0.922146
3002 0.646567 0.547958
3003 0.015849 3.012756
3004 0.015555 0.457147
3005 0.634532 1.393685
3006 0.348570 3.816399
3007 0.476379 0.685575
3008 0.845584 1.785732
3009 0.510628 0.528751
3010 0.137501 0.984536
3011 0.199524 0.618063
3012 0.572751 5.921509
3013 0.413402 1.137755
3014 0.696654 0.755952
3015 0.077578 2.157537
3016 0.098792 0.724117
3017 0.721706 2.083340
3018 0.263836 0.811973
3019 0.760881 1.067804
3020 0.593897 0.596843
3021 0.224645 5.413770
3022 0.162675 0.494519
3023 0.531965 0.904971
3024 0.450770 1.447257
3025 0.326867 0.541678
3026 0.659775 0.431000
3027 0.036823 1.236631
3028 0.042445 0.523944
3029 0.669288 1.011022
3030 0.312943 1.739083
3031 0.440753 0.578546
3032 0.817854 3.579366
3033 0.164392 1.442493
3034 0.227338 0.742328
3035 0.608293 2.229809
3036 0.755763 0.481782
3037 0.378699 0.833281
3038 0.732197 0.608063
3039 0.105392 6.599689
3040 0.064158 0.602251
3041 0.694937 4.784581
3042 0.291689 1.087948
3043 0.796630 0.822014
3044 0.567128 0.733324
3045 0.190010 1.974007
3046 0.504029 1.210672
3047 0.477592 2.699903
3048 0.353689 0.638830
3049 0.631839 0.500532
3050 0.001158 0.892816
3051 0.030245 0.668166
3052 0.649260 1.678886
3053 0.365213 0.951326
3054 0.860313 1.322566
3055 0.527309 0.558312
3056 0.154145 3.329364
3057 0.589272 0.879202
3058 0.797275 0.778598
3059 0.428008 2.340216
3060 0.302152 0.631926
3061 0.925081 7.632716
3062 0.711222 0.425067
3063 0.092185 1.189023
3064 0.736404 1.028869
3065 0.280510 4.537067
3066 0.402460 0.705711
3067 0.775580 1.929209
3068 0.610547 0.466055
3069 0.241319 0.787341
3070 0.179205 0.553213
3071 0.548517 2.789299
3072 0.465346 1.294461
3073 0.674373 0.661168
3074 0.051399 1.531028
3075 0.000000 10.000000
3076 0.051514 4.504468
3077 0.051514 0.640481
3078 0.051514 0.492693
3079 0.051514 1.438889
3080 0.051514 0.878716
3081 0.051514 0.458505
3082 0.051514 0.586258
3083 0.051514 1.498435
3084 0.617034 4.504468
3085 0.617034 0.640481
3086 0.617034 0.492693
3087 0.617034 1.438889
3088 0.617034 0.878716
3089 0.617034 0.458505
3090 0.617034 0.586258
3091 0.617034 1.498435
3092 0.814784 4.504468
3093 0.814784 0.640481
3094 0.814784 1.438889
3095 0.814784 0.878716
3096 0.814784 1.498435
3097 0.251226 4.504468
3098 0.251226 0.640481
3099 0.251226 0.492693
3100 0.251226 1.438889
3101 0.251226 0.878716
3102 0.251226 0.586258
3103 0.251226 1.498435
3104 0.438298 4.504468
3105 0.438298 0.640481
3106 0.438298 0.492693
3107 0.438298 1.438889
3108 0.438298 0.878716
3109 0.438298 0.586258
3110 0.438298 1.498435
3111 0.878687 4.504468
3112 0.878687 1.438889
3113 0.878687 1.498435
3114 0.678009 4.504468
3115 0.678009 0.640481
3116 0.678009 0.492693
3117 0.678009 1.438889
3118 0.678009 0.878716
3119 0.678009 0.458505
3120 0.678009 0.586258
3121 0.678009 1.498435
3122 0.239565 4.504468
3123 0.239565 0.640481
3124 0.239565 0.492693
3125 0.239565 1.438889
3126 0.239565 0.878716
3127 0.239565 0.586258
3128 0.239565 1.498435
3129 0.145626 4.504468
3130 0.145626 0.640481
3131 0.145626 0.492693
3132 0.145626 1.438889
3133 0.145626 0.878716
3134 0.145626 0.586258
3135 0.145626 1.498435
3136 0.709020 4.504468
3137 0.709020 0.640481
3138 0.709020 0.492693
3139 0.709020 1.438889
3140 0.709020 0.878716
3141 0.709020 0.458505
3142 0.709020 0.586258
3143 0.709020 1.498435
3144 0.406859 4.504468
3145 0.406859 0.640481
3146 0.406859 1.438889
3147 0.406859 0.878716
3148 0.406859 0.586258
3149 0.406859 1.498435
3150 0.344787 4.504468
3151 0.344787 0.640481
3152 0.344787 1.438889
3153 0.344787 0.878716
3154 0.344787 0.586258
3155 0.344787 1.498435
3156 0.783296 4.504468
3157 0.783296 0.640481
3158 0.783296 0.492693
3159 0.783296 1.438889
3160 0.783296 0.878716
3161 0.783296 0.458505
3162 0.783296 0.586258
3163 0.783296 1.498435
3164 0.523045 4.504468
3165 0.523045 0.640481
3166 0.523045 0.492693
3167 0.523045 1.438889
3168 0.523045 0.878716
3169 0.523045 0.586258
3170 0.523045 1.498435
3171 0.082575 4.504468
3172 0.082575 0.640481
3173 0.082575 0.492693
3174 0.082575 1.438889
3175 0.082575 0.878716
3176 0.082575 0.458505
3177 0.082575 0.586258
3178 0.082575 1.498435
3179 0.110970 4.504468
3180 0.110970 0.640481
3181 0.110970 0.492693
3182 0.110970 1.438889
3183 0.110970 0.878716
3184 0.110970 0.586258
3185 0.110970 1.498435
3186 0.549521 4.504468
3187 0.549521 0.640481
3188 0.549521 0.492693
3189 0.549521 1.438889
3190 0.549521 0.878716
3191 0.549521 0.586258
3192 0.549521 1.498435
3193 0.757038 4.504468
3194 0.757038 0.640481
3195 0.757038 0.492693
3196 0.757038 1.438889
3197 0.757038 0.878716
3198 0.757038 0.458505
3199 0.757038 0.586258
3200 0.757038 1.498435
3201 0.316542 4.504468
3202 0.316542 0.640481
3203 0.316542 1.438889
3204 0.316542 0.878716
3205 0.316542 0.586258
3206 0.316542 1.498435
3207 0.380567 4.504468
3208 0.380567 0.640481
3209 0.380567 1.438889
3210 0.380567 0.878716
3211 0.380567 0.586258
3212 0.380567 1.498435
3213 0.943987 4.504468
3214 0.737449 4.504468
3215 0.737449 0.640481
3216 0.737449 0.492693
3217 0.737449 1.438889
3218 0.737449 0.878716
3219 0.737449 0.458505
3220 0.737449 0.586258
3221 0.737449 1.498435
3222 0.172067 4.504468
3223 0.172067 0.640481
3224 0.172067 0.492693
3225 0.172067 1.438889
3226 0.172067 0.878716
3227 0.172067 0.586258
3228 0.172067 1.498435
3229 0.203601 4.504468
3230 0.203601 0.640481
3231 0.203601 0.492693
3232 0.203601 1.438889
3233 0.203601 0.878716
3234 0.203601 0.586258
3235 0.203601 1.498435
3236 0.643964 4.504468
3237 0.643964 0.640481
3238 0.643964 0.492693
3239 0.643964 1.438889
3240 0.643964 0.878716
3241 0.643964 0.458505
3242 0.643964 0.586258
3243 0.643964 1.498435
3244 0.913003 4.504468
3245 0.474601 4.504468
3246 0.474601 0.640481
3247 0.474601 0.492693
3248 0.474601 1.438889
3249 0.474601 0.878716
3250 0.474601 0.586258
3251 0.474601 1.498435
3252 0.285576 4.504468
3253 0.285576 0.640481
3254 0.285576 1.438889
3255 0.285576 0.878716
3256 0.285576 0.586258
3257 0.285576 1.498435
3258 0.851053 4.504468
3259 0.851053 1.438889
3260 0.851053 1.498435
3261 0.581036 4.504468
3262 0.581036 0.640481
3263 0.581036 0.492693
3264 0.581036 1.438889
3265 0.581036 0.878716
3266 0.581036 0.458505
3267 0.581036 0.586258
3268 0.581036 1.498435
3269 0.017504 4.504468
3270 0.017504 0.640481
3271 0.017504 0.492693
3272 0.017504 1.438889
3273 0.017504 0.878716
3274 0.017504 0.458505
3275 0.017504 0.586258
3276 0.017504 1.498435
3277 0.005887 4.504468
3278 0.005887 0.640481
3279 0.005887 0.492693
3280 0.005887 1.438889
3281 0.005887 0.878716
3282 0.005887 0.458505
3283 0.005887 0.586258
3284 0.005887 1.498435
3285 0.567446 4.504468
3286 0.567446 0.640481
3287 0.567446 0.492693
3288 0.567446 1.438889
3289 0.567446 0.878716
3290 0.567446 0.458505
3291 0.567446 0.586258
3292 0.567446 1.498435
3293 0.859932 4.504468
3294 0.859932 1.438889
3295 0.859932 1.498435
3296 0.300317 4.504468
3297 0.300317 0.640481
3298 0.300317 1.438889
3299 0.300317 0.878716
3300 0.300317 0.586258
3301 0.300317 1.498435
3302 0.486413 4.504468
3303 0.486413 0.640481
3304 0.486413 0.492693
3305 0.486413 1.438889
3306 0.486413 0.878716
3307 0.486413 0.586258
3308 0.486413 1.498435
3309 0.922858 4.504468
3310 0.629398 4.504468
3311 0.629398 0.640481
3312 0.629398 0.492693
3313 0.629398 1.438889
3314 0.629398 0.878716
3315 0.629398 0.458505
3316 0.629398 0.586258
3317 0.629398 1.498435
3318 0.194913 4.504468
3319 0.194913 0.640481
3320 0.194913 0.492693
3321 0.194913 1.438889
3322 0.194913 0.878716
3323 0.194913 0.586258
3324 0.194913 1.498435
3325 0.163917 4.504468
3326 0.163917 0.640481
3327 0.163917 0.492693
3328 0.163917 1.438889
3329 0.163917 0.878716
3330 0.163917 0.586258
3331 0.163917 1.498435
3332 0.723443 4.504468
3333 0.723443 0.640481
3334 0.723443 0.492693
3335 0.723443 1.438889
3336 0.723443 0.878716
3337 0.723443 0.458505
3338 0.723443 0.586258
3339 0.723443 1.498435
3340 0.392916 4.504468
3341 0.392916 0.640481
3342 0.392916 1.438889
3343 0.392916 0.878716
3344 0.392916 0.586258
3345 0.392916 1.498435
3346 0.331821 4.504468
3347 0.331821 0.640481
3348 0.331821 1.438889
3349 0.331821 0.878716
3350 0.331821 0.586258
3351 0.331821 1.498435
3352 0.766477 4.504468
3353 0.766477 0.640481
3354 0.766477 0.492693
3355 0.766477 1.438889
3356 0.766477 0.878716
3357 0.766477 0.458505
3358 0.766477 0.586258
3359 0.766477 1.498435
3360 0.536491 4.504468
3361 0.536491 0.640481
3362 0.536491 0.492693
3363 0.536491 1.438889
3364 0.536491 0.878716
3365 0.536491 0.586258
3366 0.536491 1.498435
3367 0.099890 4.504468
3368 0.099890 0.640481
3369 0.099890 0.492693
3370 0.099890 1.438889
3371 0.099890 0.878716
3372 0.099890 0.586258
3373 0.099890 1.498435
3374 0.065816 4.504468
3375 0.065816 0.640481
3376 0.065816 0.492693
3377 0.065816 1.438889
3378 0.065816 0.878716
3379 0.065816 0.458505
3380 0.065816 0.586258
3381 0.065816 1.498435
3382 0.500437 4.504468
3383 0.500437 0.640481
3384 0.500437 0.492693
3385 0.500437 1.438889
3386 0.500437 0.878716
3387 0.500437 0.586258
3388 0.500437 1.498435
3389 0.802688 4.504468
3390 0.802688 0.640481
3391 0.802688 1.438889
3392 0.802688 0.878716
3393 0.802688 0.586258
3394 0.802688 1.498435
3395 0.366105 4.504468
3396 0.366105 0.640481
3397 0.366105 1.438889
3398 0.366105 0.878716
3399 0.366105 0.586258
3400 0.366105 1.498435
3401 0.429154 4.504468
3402 0.429154 0.640481
3403 0.429154 1.438889
3404 0.429154 0.878716
3405 0.429154 0.586258
3406 0.429154 1.498435
3407 0.689342 4.504468
3408 0.689342 0.640481
3409 0.689342 0.492693
3410 0.689342 1.438889
3411 0.689342 0.878716
3412 0.689342 0.458505
3413 0.689342 0.586258
3414 0.689342 1.498435
3415 0.127890 4.504468
3416 0.127890 0.640481
3417 0.127890 0.492693
3418 0.127890 1.438889
3419 0.127890 0.878716
3420 0.127890 0.586258
3421 0.127890 1.498435
3422 0.221420 4.504468
3423 0.221420 0.640481
3424 0.221420 0.492693
3425 0.221420 1.438889
3426 0.221420 0.878716
3427 0.221420 0.586258
3428 0.221420 1.498435
3429 0.657884 4.504468
3430 0.657884 0.640481
3431 0.657884 0.492693
3432 0.657884 1.438889
3433 0.657884 0.878716
3434 0.657884 0.458505
3435 0.657884 0.586258
3436 0.657884 1.498435
3437 0.894703 4.504468
3438 0.460184 4.504468
3439 0.460184 0.640481
3440 0.460184 0.492693
3441 0.460184 1.438889
3442 0.460184 0.878716
3443 0.460184 0.586258
3444 0.460184 1.498435
3445 0.272136 4.504468
3446 0.272136 0.640481
3447 0.272136 1.438889
3448 0.272136 0.878716
3449 0.272136 0.586258
3450 0.272136 1.498435
3451 0.833730 4.504468
3452 0.833730 1.438889
3453 0.833730 0.878716
3454 0.833730 1.498435
3455 0.593979 4.504468
3456 0.593979 0.640481
3457 0.593979 0.492693
3458 0.593979 1.438889
3459 0.593979 0.878716
3460 0.593979 0.458505
3461 0.593979 0.586258
3462 0.593979 1.498435
3463 0.034346 4.504468
3464 0.034346 0.640481
3465 0.034346 0.492693
3466 0.034346 1.438889
3467 0.034346 0.878716
3468 0.034346 0.458505
3469 0.034346 0.586258
3470 0.034346 1.498435
3471 0.043254 4.504468
3472 0.043254 0.640481
3473 0.043254 0.492693
3474 0.043254 1.438889
3475 0.043254 0.878716
3476 0.043254 0.458505
3477 0.043254 0.586258
3478 0.043254 1.498435
3479 0.608754 4.504468
3480 0.608754 0.640481
3481 0.608754 0.492693
3482 0.608754 1.438889
3483 0.608754 0.878716
3484 0.608754 0.458505
3485 0.608754 0.586258
3486 0.608754 1.498435
3487 0.838731 4.504468
3488 0.838731 1.438889
3489 0.838731 0.878716
3490 0.838731 1.498435
3491 0.275192 4.504468
3492 0.275192 0.640481
3493 0.275192 1.438889
3494 0.275192 0.878716
3495 0.275192 0.586258
3496 0.275192 1.498435
3497 0.461287 4.504468
3498 0.461287 0.640481
3499 0.461287 0.492693
3500 0.461287 1.438889
3501 0.461287 0.878716
3502 0.461287 0.586258
3503 0.461287 1.498435
3504 0.901658 4.504468
3505 0.670705 4.504468
3506 0.670705 0.640481
3507 0.670705 0.492693
3508 0.670705 1.438889
3509 0.670705 0.878716
3510 0.670705 0.458505
3511 0.670705 0.586258
3512 0.670705 1.498435
3513 0.232281 4.504468
3514 0.232281 0.640481
3515 0.232281 0.492693
3516 0.232281 1.438889
3517 0.232281 0.878716
3518 0.232281 0.586258
3519 0.232281 1.498435
3520 0.138262 4.504468
3521 0.138262 0.640481
3522 0.138262 0.492693
3523 0.138262 1.438889
3524 0.138262 0.878716
3525 0.138262 0.586258
3526 0.138262 1.498435
3527 0.701675 4.504468
3528 0.701675 0.640481
3529 0.701675 0.492693
3530 0.701675 1.438889
3531 0.701675 0.878716
3532 0.701675 0.458505
3533 0.701675 0.586258
3534 0.701675 1.498435
3535 0.429768 4.504468
3536 0.429768 0.640481
3537 0.429768 1.438889
3538 0.429768 0.878716
3539 0.429768 0.586258
3540 0.429768 1.498435
3541 0.368672 4.504468
3542 0.368672 0.640481
3543 0.368672 1.438889
3544 0.368672 0.878716
3545 0.368672 0.586258
3546 0.368672 1.498435
3547 0.807201 4.504468
3548 0.807201 0.640481
3549 0.807201 1.438889
3550 0.807201 0.878716
3551 0.807201 0.586258
3552 0.807201 1.498435
3553 0.514723 4.504468
3554 0.514723 0.640481
3555 0.514723 0.492693
3556 0.514723 1.438889
3557 0.514723 0.878716
3558 0.514723 0.586258
3559 0.514723 1.498435
3560 0.074235 4.504468
3561 0.074235 0.640481
3562 0.074235 0.492693
3563 0.074235 1.438889
3564 0.074235 0.878716
3565 0.074235 0.458505
3566 0.074235 0.586258
3567 0.074235 1.498435
3568 0.102694 4.504468
3569 0.102694 0.640481
3570 0.102694 0.492693
3571 0.102694 1.438889
3572 0.102694 0.878716
3573 0.102694 0.586258
3574 0.102694 1.498435
3575 0.541256 4.504468
3576 0.541256 0.640481
3577 0.541256 0.492693
3578 0.541256 1.438889
3579 0.541256 0.878716
3580 0.541256 0.586258
3581 0.541256 1.498435
3582 0.781000 4.504468
3583 0.781000 0.640481
3584 0.781000 0.492693
3585 0.781000 1.438889
3586 0.781000 0.878716
3587 0.781000 0.458505
3588 0.781000 0.586258
3589 0.781000 1.498435
3590 0.340492 4.504468
3591 0.340492 0.640481
3592 0.340492 1.438889
3593 0.340492 0.878716
3594 0.340492 0.586258
3595 0.340492 1.498435
3596 0.403540 4.504468
3597 0.403540 0.640481
3598 0.403540 1.438889
3599 0.403540 0.878716
3600 0.403540 0.586258
3601 0.403540 1.498435
3602 0.730161 4.504468
3603 0.730161 0.640481
3604 0.730161 0.492693
3605 0.730161 1.438889
3606 0.730161 0.878716
3607 0.730161 0.458505
3608 0.730161 0.586258
3609 0.730161 1.498435
3610 0.164768 4.504468
3611 0.164768 0.640481
3612 0.164768 0.492693
3613 0.164768 1.438889
3614 0.164768 0.878716
3615 0.164768 0.586258
3616 0.164768 1.498435
3617 0.196252 4.504468
3618 0.196252 0.640481
3619 0.196252 0.492693
3620 0.196252 1.438889
3621 0.196252 0.878716
3622 0.196252 0.586258
3623 0.196252 1.498435
3624 0.636603 4.504468
3625 0.636603 0.640481
3626 0.636603 0.492693
3627 0.636603 1.438889
3628 0.636603 0.878716
3629 0.636603 0.458505
3630 0.636603 0.586258
3631 0.636603 1.498435
3632 0.935916 4.504468
3633 0.497525 4.504468
3634 0.497525 0.640481
3635 0.497525 0.492693
3636 0.497525 1.438889
3637 0.497525 0.878716
3638 0.497525 0.586258
3639 0.497525 1.498435
3640 0.309476 4.504468
3641 0.309476 0.640481
3642 0.309476 1.438889
3643 0.309476 0.878716
3644 0.309476 0.586258
3645 0.309476 1.498435
3646 0.874943 4.504468
3647 0.874943 1.438889
3648 0.874943 1.498435
3649 0.572699 4.504468
3650 0.572699 0.640481
3651 0.572699 0.492693
3652 0.572699 1.438889
3653 0.572699 0.878716
3654 0.572699 0.458505
3655 0.572699 0.586258
3656 0.572699 1.498435
3657 0.009178 4.504468
3658 0.009178 0.640481
3659 0.009178 0.492693
3660 0.009178 1.438889
3661 0.009178 0.878716
3662 0.009178 0.458505
3663 0.009178 0.586258
3664 0.009178 1.498435
3665 0.029837 4.504468
3666 0.029837 0.640481
3667 0.029837 0.492693
3668 0.029837 1.438889
3669 0.029837 0.878716
3670 0.029837 0.458505
3671 0.029837 0.586258
3672 0.029837 1.498435
3673 0.591408 4.504468
3674 0.591408 0.640481
3675 0.591408 0.492693
3676 0.591408 1.438889
3677 0.591408 0.878716
3678 0.591408 0.458505
3679 0.591408 0.586258
3680 0.591408 1.498435
3681 0.851667 4.504468
3682 0.851667 1.438889
3683 0.851667 1.498435
3684 0.292042 4.504468
3685 0.292042 0.640481
3686 0.292042 1.438889
3687 0.292042 0.878716
3688 0.292042 0.586258
3689 0.292042 1.498435
3690 0.479113 4.504468
3691 0.479113 0.640481
3692 0.479113 0.492693
3693 0.479113 1.438889
3694 0.479113 0.878716
3695 0.479113 0.586258
3696 0.479113 1.498435
3697 0.915570 4.504468
3698 0.652383 4.504468
3699 0.652383 0.640481
3700 0.652383 0.492693
3701 0.652383 1.438889
3702 0.652383 0.878716
3703 0.652383 0.458505
3704 0.652383 0.586258
3705 0.652383 1.498435
3706 0.217887 4.504468
3707 0.217887 0.640481
3708 0.217887 0.492693
3709 0.217887 1.438889
3710 0.217887 0.878716
3711 0.217887 0.586258
3712 0.217887 1.498435
3713 0.186841 4.504468
3714 0.186841 0.640481
3715 0.186841 0.492693
3716 0.186841 1.438889
3717 0.186841 0.878716
3718 0.186841 0.586258
3719 0.186841 1.498435
3720 0.746356 4.504468
3721 0.746356 0.640481
3722 0.746356 0.492693
3723 0.746356 1.438889
3724 0.746356 0.878716
3725 0.746356 0.458505
3726 0.746356 0.586258
3727 0.746356 1.498435
3728 0.947043 4.504468
3729 0.385568 4.504468
3730 0.385568 0.640481
3731 0.385568 1.438889
3732 0.385568 0.878716
3733 0.385568 0.586258
3734 0.385568 1.498435
3735 0.323496 4.504468
3736 0.323496 0.640481
3737 0.323496 1.438889
3738 0.323496 0.878716
3739 0.323496 0.586258
3740 0.323496 1.498435
3741 0.758140 4.504468
3742 0.758140 0.640481
3743 0.758140 0.492693
3744 0.758140 1.438889
3745 0.758140 0.878716
3746 0.758140 0.458505
3747 0.758140 0.586258
3748 0.758140 1.498435
3749 0.560381 4.504468
3750 0.560381 0.640481
3751 0.560381 0.492693
3752 0.560381 1.438889
3753 0.560381 0.878716
3754 0.560381 0.586258
3755 0.560381 1.498435
3756 0.123791 4.504468
3757 0.123791 0.640481
3758 0.123791 0.492693
3759 0.123791 1.438889
3760 0.123791 0.878716
3761 0.123791 0.586258
3762 0.123791 1.498435
3763 0.089781 4.504468
3764 0.089781 0.640481
3765 0.089781 0.492693
3766 0.089781 1.438889
3767 0.089781 0.878716
3768 0.089781 0.458505
3769 0.089781 0.586258
3770 0.089781 1.498435
3771 0.524384 4.504468
3772 0.524384 0.640481
3773 0.524384 0.492693
3774 0.524384 1.438889
3775 0.524384 0.878716
3776 0.524384 0.586258
3777 0.524384 1.498435
3778 0.794408 4.504468
3779 0.794408 0.640481
3780 0.794408 1.438889
3781 0.794408 0.878716
3782 0.794408 0.586258
3783 0.794408 1.498435
3784 0.357845 4.504468
3785 0.357845 0.640481
3786 0.357845 1.438889
3787 0.357845 0.878716
3788 0.357845 0.586258
3789 0.357845 1.498435
3790 0.421870 4.504468
3791 0.421870 0.640481
3792 0.421870 1.438889
3793 0.421870 0.878716
3794 0.421870 0.586258
3795 0.421870 1.498435
3796 0.712313 4.504468
3797 0.712313 0.640481
3798 0.712313 0.492693
3799 0.712313 1.438889
3800 0.712313 0.878716
3801 0.712313 0.458505
3802 0.712313 0.586258
3803 0.712313 1.498435
3804 0.150879 4.504468
3805 0.150879 0.640481
3806 0.150879 0.492693
3807 0.150879 1.438889
3808 0.150879 0.878716
3809 0.150879 0.586258
3810 0.150879 1.498435
3811 0.244329 4.504468
3812 0.244329 0.640481
3813 0.244329 0.492693
3814 0.244329 1.438889
3815 0.244329 0.878716
3816 0.244329 0.586258
3817 0.244329 1.498435
3818 0.680813 4.504468
3819 0.680813 0.640481
3820 0.680813 0.492693
3821 0.680813 1.438889
3822 0.680813 0.878716
3823 0.680813 0.458505
3824 0.680813 0.586258
3825 0.680813 1.498435
3826 0.887358 4.504468
3827 0.452820 4.504468
3828 0.452820 0.640481
3829 0.452820 0.492693
3830 0.452820 1.438889
3831 0.452820 0.878716
3832 0.452820 0.586258
3833 0.452820 1.498435
3834 0.263795 4.504468
3835 0.263795 0.640481
3836 0.263795 1.438889
3837 0.263795 0.878716
3838 0.263795 0.586258
3839 0.263795 1.498435
3840 0.825408 4.504468
3841 0.825408 1.438889
3842 0.825408 0.878716
3843 0.825408 1.498435
3844 0.617884 4.504468
3845 0.617884 0.640481
3846 0.617884 0.492693
3847 0.617884 1.438889
3848 0.617884 0.878716
3849 0.617884 0.458505
3850 0.617884 0.586258
3851 0.617884 1.498435
3852 0.058232 4.504468
3853 0.058232 0.640481
3854 0.058232 0.492693
3855 0.058232 1.438889
3856 0.058232 0.878716
3857 0.058232 0.458505
3858 0.058232 0.586258
3859 0.058232 1.498435
